index	beams	T	ik_x	ik_y	thetaX_mrad	thetaY_mrad
0	5	18.564	-12	0	-70.00000	 0.00000
1	5	18.5618	-11	-4	-64.16667	-23.33333
2	5	18.5595	-11	-3	-64.16667	-17.50000
3	5	18.558	-11	-2	-64.16667	-11.66667
4	5	18.557	-11	-1	-64.16667	-5.83333
5	5	18.5567	-11	0	-64.16667	 0.00000
6	5	18.557	-11	1	-64.16667	 5.83333
7	5	18.558	-11	2	-64.16667	11.66667
8	5	18.5595	-11	3	-64.16667	17.50000
9	5	18.5618	-11	4	-64.16667	23.33333
10	5	18.5615	-10	-6	-58.33333	-35.00000
11	5	18.558	-10	-5	-58.33333	-29.16667
12	5	18.5551	-10	-4	-58.33333	-23.33333
13	5	18.5529	-10	-3	-58.33333	-17.50000
14	5	18.5513	-10	-2	-58.33333	-11.66667
15	5	18.5504	-10	-1	-58.33333	-5.83333
16	5	18.55	-10	0	-58.33333	 0.00000
17	5	18.5504	-10	1	-58.33333	 5.83333
18	5	18.5513	-10	2	-58.33333	11.66667
19	5	18.5529	-10	3	-58.33333	17.50000
20	5	18.5551	-10	4	-58.33333	23.33333
21	5	18.558	-10	5	-58.33333	29.16667
22	5	18.5615	-10	6	-58.33333	35.00000
23	5	18.5596	-9	-7	-52.50000	-40.83333
24	5	18.5554	-9	-6	-52.50000	-35.00000
25	5	18.552	-9	-5	-52.50000	-29.16667
26	5	18.5491	-9	-4	-52.50000	-23.33333
27	5	18.5469	-9	-3	-52.50000	-17.50000
28	5	18.5453	-9	-2	-52.50000	-11.66667
29	5	18.5444	-9	-1	-52.50000	-5.83333
30	5	18.544	-9	0	-52.50000	 0.00000
31	5	18.5444	-9	1	-52.50000	 5.83333
32	5	18.5453	-9	2	-52.50000	11.66667
33	5	18.5469	-9	3	-52.50000	17.50000
34	5	18.5491	-9	4	-52.50000	23.33333
35	5	18.552	-9	5	-52.50000	29.16667
36	5	18.5554	-9	6	-52.50000	35.00000
37	5	18.5596	-9	7	-52.50000	40.83333
38	5	18.5589	-8	-8	-46.66667	-46.66667
39	5	18.5542	-8	-7	-46.66667	-40.83333
40	5	18.5501	-8	-6	-46.66667	-35.00000
41	5	18.5466	-8	-5	-46.66667	-29.16667
42	5	18.5437	-8	-4	-46.66667	-23.33333
43	5	18.5415	-8	-3	-46.66667	-17.50000
44	5	18.5399	-8	-2	-46.66667	-11.66667
45	5	18.539	-8	-1	-46.66667	-5.83333
46	5	18.5387	-8	0	-46.66667	 0.00000
47	5	18.539	-8	1	-46.66667	 5.83333
48	5	18.5399	-8	2	-46.66667	11.66667
49	5	18.5415	-8	3	-46.66667	17.50000
50	5	18.5437	-8	4	-46.66667	23.33333
51	5	18.5466	-8	5	-46.66667	29.16667
52	5	18.5501	-8	6	-46.66667	35.00000
53	5	18.5542	-8	7	-46.66667	40.83333
54	5	18.5589	-8	8	-46.66667	46.66667
55	5	18.5596	-7	-9	-40.83333	-52.50000
56	5	18.5542	-7	-8	-40.83333	-46.66667
57	5	18.5494	-7	-7	-40.83333	-40.83333
58	5	18.5453	-7	-6	-40.83333	-35.00000
59	5	18.5418	-7	-5	-40.83333	-29.16667
60	5	18.539	-7	-4	-40.83333	-23.33333
61	5	18.5368	-7	-3	-40.83333	-17.50000
62	5	18.5352	-7	-2	-40.83333	-11.66667
63	5	18.5343	-7	-1	-40.83333	-5.83333
64	5	18.5339	-7	0	-40.83333	 0.00000
65	5	18.5343	-7	1	-40.83333	 5.83333
66	5	18.5352	-7	2	-40.83333	11.66667
67	5	18.5368	-7	3	-40.83333	17.50000
68	5	18.539	-7	4	-40.83333	23.33333
69	5	18.5418	-7	5	-40.83333	29.16667
70	5	18.5453	-7	6	-40.83333	35.00000
71	5	18.5494	-7	7	-40.83333	40.83333
72	5	18.5542	-7	8	-40.83333	46.66667
73	5	18.5596	-7	9	-40.83333	52.50000
74	5	18.5615	-6	-10	-35.00000	-58.33333
75	5	18.5554	-6	-9	-35.00000	-52.50000
76	5	18.5501	-6	-8	-35.00000	-46.66667
77	5	18.5453	-6	-7	-35.00000	-40.83333
78	5	18.5412	-6	-6	-35.00000	-35.00000
79	5	18.5377	-6	-5	-35.00000	-29.16667
80	5	18.5349	-6	-4	-35.00000	-23.33333
81	5	18.5327	-6	-3	-35.00000	-17.50000
82	5	18.5311	-6	-2	-35.00000	-11.66667
83	5	18.5302	-6	-1	-35.00000	-5.83333
84	5	18.5298	-6	0	-35.00000	 0.00000
85	5	18.5302	-6	1	-35.00000	 5.83333
86	5	18.5311	-6	2	-35.00000	11.66667
87	5	18.5327	-6	3	-35.00000	17.50000
88	5	18.5349	-6	4	-35.00000	23.33333
89	5	18.5377	-6	5	-35.00000	29.16667
90	5	18.5412	-6	6	-35.00000	35.00000
91	5	18.5453	-6	7	-35.00000	40.83333
92	5	18.5501	-6	8	-35.00000	46.66667
93	5	18.5554	-6	9	-35.00000	52.50000
94	5	18.5615	-6	10	-35.00000	58.33333
95	5	18.558	-5	-10	-29.16667	-58.33333
96	5	18.552	-5	-9	-29.16667	-52.50000
97	5	18.5466	-5	-8	-29.16667	-46.66667
98	5	18.5418	-5	-7	-29.16667	-40.83333
99	5	18.5377	-5	-6	-29.16667	-35.00000
100	5	18.5343	-5	-5	-29.16667	-29.16667
101	5	18.5314	-5	-4	-29.16667	-23.33333
102	5	18.5292	-5	-3	-29.16667	-17.50000
103	5	18.5276	-5	-2	-29.16667	-11.66667
104	5	18.5267	-5	-1	-29.16667	-5.83333
105	5	18.5264	-5	0	-29.16667	 0.00000
106	5	18.5267	-5	1	-29.16667	 5.83333
107	5	18.5276	-5	2	-29.16667	11.66667
108	5	18.5292	-5	3	-29.16667	17.50000
109	5	18.5314	-5	4	-29.16667	23.33333
110	5	18.5343	-5	5	-29.16667	29.16667
111	5	18.5377	-5	6	-29.16667	35.00000
112	5	18.5418	-5	7	-29.16667	40.83333
113	5	18.5466	-5	8	-29.16667	46.66667
114	5	18.552	-5	9	-29.16667	52.50000
115	5	18.558	-5	10	-29.16667	58.33333
116	5	18.5618	-4	-11	-23.33333	-64.16667
117	5	18.5551	-4	-10	-23.33333	-58.33333
118	5	18.5491	-4	-9	-23.33333	-52.50000
119	5	18.5437	-4	-8	-23.33333	-46.66667
120	5	18.539	-4	-7	-23.33333	-40.83333
121	5	18.5349	-4	-6	-23.33333	-35.00000
122	5	18.5314	-4	-5	-23.33333	-29.16667
123	5	18.5286	-4	-4	-23.33333	-23.33333
124	5	18.5264	-4	-3	-23.33333	-17.50000
125	5	18.5248	-4	-2	-23.33333	-11.66667
126	5	18.5239	-4	-1	-23.33333	-5.83333
127	5	18.5235	-4	0	-23.33333	 0.00000
128	5	18.5239	-4	1	-23.33333	 5.83333
129	5	18.5248	-4	2	-23.33333	11.66667
130	5	18.5264	-4	3	-23.33333	17.50000
131	5	18.5286	-4	4	-23.33333	23.33333
132	5	18.5314	-4	5	-23.33333	29.16667
133	5	18.5349	-4	6	-23.33333	35.00000
134	5	18.539	-4	7	-23.33333	40.83333
135	5	18.5437	-4	8	-23.33333	46.66667
136	5	18.5491	-4	9	-23.33333	52.50000
137	5	18.5551	-4	10	-23.33333	58.33333
138	5	18.5618	-4	11	-23.33333	64.16667
139	5	18.5595	-3	-11	-17.50000	-64.16667
140	5	18.5529	-3	-10	-17.50000	-58.33333
141	5	18.5469	-3	-9	-17.50000	-52.50000
142	5	18.5415	-3	-8	-17.50000	-46.66667
143	5	18.5368	-3	-7	-17.50000	-40.83333
144	5	18.5327	-3	-6	-17.50000	-35.00000
145	5	18.5292	-3	-5	-17.50000	-29.16667
146	5	18.5264	-3	-4	-17.50000	-23.33333
147	5	18.5242	-3	-3	-17.50000	-17.50000
148	5	18.5226	-3	-2	-17.50000	-11.66667
149	5	18.5216	-3	-1	-17.50000	-5.83333
150	5	18.5213	-3	0	-17.50000	 0.00000
151	5	18.5216	-3	1	-17.50000	 5.83333
152	5	18.5226	-3	2	-17.50000	11.66667
153	5	18.5242	-3	3	-17.50000	17.50000
154	5	18.5264	-3	4	-17.50000	23.33333
155	5	18.5292	-3	5	-17.50000	29.16667
156	5	18.5327	-3	6	-17.50000	35.00000
157	5	18.5368	-3	7	-17.50000	40.83333
158	5	18.5415	-3	8	-17.50000	46.66667
159	5	18.5469	-3	9	-17.50000	52.50000
160	5	18.5529	-3	10	-17.50000	58.33333
161	5	18.5595	-3	11	-17.50000	64.16667
162	5	18.558	-2	-11	-11.66667	-64.16667
163	5	18.5513	-2	-10	-11.66667	-58.33333
164	5	18.5453	-2	-9	-11.66667	-52.50000
165	5	18.5399	-2	-8	-11.66667	-46.66667
166	5	18.5352	-2	-7	-11.66667	-40.83333
167	5	18.5311	-2	-6	-11.66667	-35.00000
168	5	18.5276	-2	-5	-11.66667	-29.16667
169	5	18.5248	-2	-4	-11.66667	-23.33333
170	5	18.5226	-2	-3	-11.66667	-17.50000
171	5	18.521	-2	-2	-11.66667	-11.66667
172	5	18.5201	-2	-1	-11.66667	-5.83333
173	5	18.5198	-2	0	-11.66667	 0.00000
174	5	18.5201	-2	1	-11.66667	 5.83333
175	5	18.521	-2	2	-11.66667	11.66667
176	5	18.5226	-2	3	-11.66667	17.50000
177	5	18.5248	-2	4	-11.66667	23.33333
178	5	18.5276	-2	5	-11.66667	29.16667
179	5	18.5311	-2	6	-11.66667	35.00000
180	5	18.5352	-2	7	-11.66667	40.83333
181	5	18.5399	-2	8	-11.66667	46.66667
182	5	18.5453	-2	9	-11.66667	52.50000
183	5	18.5513	-2	10	-11.66667	58.33333
184	5	18.558	-2	11	-11.66667	64.16667
185	5	18.557	-1	-11	-5.83333	-64.16667
186	5	18.5504	-1	-10	-5.83333	-58.33333
187	5	18.5444	-1	-9	-5.83333	-52.50000
188	5	18.539	-1	-8	-5.83333	-46.66667
189	5	18.5343	-1	-7	-5.83333	-40.83333
190	5	18.5302	-1	-6	-5.83333	-35.00000
191	5	18.5267	-1	-5	-5.83333	-29.16667
192	5	18.5239	-1	-4	-5.83333	-23.33333
193	5	18.5216	-1	-3	-5.83333	-17.50000
194	5	18.5201	-1	-2	-5.83333	-11.66667
195	5	18.5191	-1	-1	-5.83333	-5.83333
196	5	18.5188	-1	0	-5.83333	 0.00000
197	5	18.5191	-1	1	-5.83333	 5.83333
198	5	18.5201	-1	2	-5.83333	11.66667
199	5	18.5216	-1	3	-5.83333	17.50000
200	5	18.5239	-1	4	-5.83333	23.33333
201	5	18.5267	-1	5	-5.83333	29.16667
202	5	18.5302	-1	6	-5.83333	35.00000
203	5	18.5343	-1	7	-5.83333	40.83333
204	5	18.539	-1	8	-5.83333	46.66667
205	5	18.5444	-1	9	-5.83333	52.50000
206	5	18.5504	-1	10	-5.83333	58.33333
207	5	18.557	-1	11	-5.83333	64.16667
208	5	18.564	0	-12	 0.00000	-70.00000
209	5	18.5567	0	-11	 0.00000	-64.16667
210	5	18.55	0	-10	 0.00000	-58.33333
211	5	18.544	0	-9	 0.00000	-52.50000
212	5	18.5387	0	-8	 0.00000	-46.66667
213	5	18.5339	0	-7	 0.00000	-40.83333
214	5	18.5298	0	-6	 0.00000	-35.00000
215	5	18.5264	0	-5	 0.00000	-29.16667
216	5	18.5235	0	-4	 0.00000	-23.33333
217	5	18.5213	0	-3	 0.00000	-17.50000
218	5	18.5198	0	-2	 0.00000	-11.66667
219	5	18.5188	0	-1	 0.00000	-5.83333
220	5	18.5185	0	0	 0.00000	 0.00000
221	5	18.5188	0	1	 0.00000	 5.83333
222	5	18.5198	0	2	 0.00000	11.66667
223	5	18.5213	0	3	 0.00000	17.50000
224	5	18.5235	0	4	 0.00000	23.33333
225	5	18.5264	0	5	 0.00000	29.16667
226	5	18.5298	0	6	 0.00000	35.00000
227	5	18.5339	0	7	 0.00000	40.83333
228	5	18.5387	0	8	 0.00000	46.66667
229	5	18.544	0	9	 0.00000	52.50000
230	5	18.55	0	10	 0.00000	58.33333
231	5	18.5567	0	11	 0.00000	64.16667
232	5	18.564	0	12	 0.00000	70.00000
233	5	18.557	1	-11	 5.83333	-64.16667
234	5	18.5504	1	-10	 5.83333	-58.33333
235	5	18.5444	1	-9	 5.83333	-52.50000
236	5	18.539	1	-8	 5.83333	-46.66667
237	5	18.5343	1	-7	 5.83333	-40.83333
238	5	18.5302	1	-6	 5.83333	-35.00000
239	5	18.5267	1	-5	 5.83333	-29.16667
240	5	18.5239	1	-4	 5.83333	-23.33333
241	5	18.5216	1	-3	 5.83333	-17.50000
242	5	18.5201	1	-2	 5.83333	-11.66667
243	5	18.5191	1	-1	 5.83333	-5.83333
244	5	18.5188	1	0	 5.83333	 0.00000
245	5	18.5191	1	1	 5.83333	 5.83333
246	5	18.5201	1	2	 5.83333	11.66667
247	5	18.5216	1	3	 5.83333	17.50000
248	5	18.5239	1	4	 5.83333	23.33333
249	5	18.5267	1	5	 5.83333	29.16667
250	5	18.5302	1	6	 5.83333	35.00000
251	5	18.5343	1	7	 5.83333	40.83333
252	5	18.539	1	8	 5.83333	46.66667
253	5	18.5444	1	9	 5.83333	52.50000
254	5	18.5504	1	10	 5.83333	58.33333
255	5	18.557	1	11	 5.83333	64.16667
256	5	18.558	2	-11	11.66667	-64.16667
257	5	18.5513	2	-10	11.66667	-58.33333
258	5	18.5453	2	-9	11.66667	-52.50000
259	5	18.5399	2	-8	11.66667	-46.66667
260	5	18.5352	2	-7	11.66667	-40.83333
261	5	18.5311	2	-6	11.66667	-35.00000
262	5	18.5276	2	-5	11.66667	-29.16667
263	5	18.5248	2	-4	11.66667	-23.33333
264	5	18.5226	2	-3	11.66667	-17.50000
265	5	18.521	2	-2	11.66667	-11.66667
266	5	18.5201	2	-1	11.66667	-5.83333
267	5	18.5198	2	0	11.66667	 0.00000
268	5	18.5201	2	1	11.66667	 5.83333
269	5	18.521	2	2	11.66667	11.66667
270	5	18.5226	2	3	11.66667	17.50000
271	5	18.5248	2	4	11.66667	23.33333
272	5	18.5276	2	5	11.66667	29.16667
273	5	18.5311	2	6	11.66667	35.00000
274	5	18.5352	2	7	11.66667	40.83333
275	5	18.5399	2	8	11.66667	46.66667
276	5	18.5453	2	9	11.66667	52.50000
277	5	18.5513	2	10	11.66667	58.33333
278	5	18.558	2	11	11.66667	64.16667
279	5	18.5595	3	-11	17.50000	-64.16667
280	5	18.5529	3	-10	17.50000	-58.33333
281	5	18.5469	3	-9	17.50000	-52.50000
282	5	18.5415	3	-8	17.50000	-46.66667
283	5	18.5368	3	-7	17.50000	-40.83333
284	5	18.5327	3	-6	17.50000	-35.00000
285	5	18.5292	3	-5	17.50000	-29.16667
286	5	18.5264	3	-4	17.50000	-23.33333
287	5	18.5242	3	-3	17.50000	-17.50000
288	5	18.5226	3	-2	17.50000	-11.66667
289	5	18.5216	3	-1	17.50000	-5.83333
290	5	18.5213	3	0	17.50000	 0.00000
291	5	18.5216	3	1	17.50000	 5.83333
292	5	18.5226	3	2	17.50000	11.66667
293	5	18.5242	3	3	17.50000	17.50000
294	5	18.5264	3	4	17.50000	23.33333
295	5	18.5292	3	5	17.50000	29.16667
296	5	18.5327	3	6	17.50000	35.00000
297	5	18.5368	3	7	17.50000	40.83333
298	5	18.5415	3	8	17.50000	46.66667
299	5	18.5469	3	9	17.50000	52.50000
300	5	18.5529	3	10	17.50000	58.33333
301	5	18.5595	3	11	17.50000	64.16667
302	5	18.5618	4	-11	23.33333	-64.16667
303	5	18.5551	4	-10	23.33333	-58.33333
304	5	18.5491	4	-9	23.33333	-52.50000
305	5	18.5437	4	-8	23.33333	-46.66667
306	5	18.539	4	-7	23.33333	-40.83333
307	5	18.5349	4	-6	23.33333	-35.00000
308	5	18.5314	4	-5	23.33333	-29.16667
309	5	18.5286	4	-4	23.33333	-23.33333
310	5	18.5264	4	-3	23.33333	-17.50000
311	5	18.5248	4	-2	23.33333	-11.66667
312	5	18.5239	4	-1	23.33333	-5.83333
313	5	18.5235	4	0	23.33333	 0.00000
314	5	18.5239	4	1	23.33333	 5.83333
315	5	18.5248	4	2	23.33333	11.66667
316	5	18.5264	4	3	23.33333	17.50000
317	5	18.5286	4	4	23.33333	23.33333
318	5	18.5314	4	5	23.33333	29.16667
319	5	18.5349	4	6	23.33333	35.00000
320	5	18.539	4	7	23.33333	40.83333
321	5	18.5437	4	8	23.33333	46.66667
322	5	18.5491	4	9	23.33333	52.50000
323	5	18.5551	4	10	23.33333	58.33333
324	5	18.5618	4	11	23.33333	64.16667
325	5	18.558	5	-10	29.16667	-58.33333
326	5	18.552	5	-9	29.16667	-52.50000
327	5	18.5466	5	-8	29.16667	-46.66667
328	5	18.5418	5	-7	29.16667	-40.83333
329	5	18.5377	5	-6	29.16667	-35.00000
330	5	18.5343	5	-5	29.16667	-29.16667
331	5	18.5314	5	-4	29.16667	-23.33333
332	5	18.5292	5	-3	29.16667	-17.50000
333	5	18.5276	5	-2	29.16667	-11.66667
334	5	18.5267	5	-1	29.16667	-5.83333
335	5	18.5264	5	0	29.16667	 0.00000
336	5	18.5267	5	1	29.16667	 5.83333
337	5	18.5276	5	2	29.16667	11.66667
338	5	18.5292	5	3	29.16667	17.50000
339	5	18.5314	5	4	29.16667	23.33333
340	5	18.5343	5	5	29.16667	29.16667
341	5	18.5377	5	6	29.16667	35.00000
342	5	18.5418	5	7	29.16667	40.83333
343	5	18.5466	5	8	29.16667	46.66667
344	5	18.552	5	9	29.16667	52.50000
345	5	18.558	5	10	29.16667	58.33333
346	5	18.5615	6	-10	35.00000	-58.33333
347	5	18.5554	6	-9	35.00000	-52.50000
348	5	18.5501	6	-8	35.00000	-46.66667
349	5	18.5453	6	-7	35.00000	-40.83333
350	5	18.5412	6	-6	35.00000	-35.00000
351	5	18.5377	6	-5	35.00000	-29.16667
352	5	18.5349	6	-4	35.00000	-23.33333
353	5	18.5327	6	-3	35.00000	-17.50000
354	5	18.5311	6	-2	35.00000	-11.66667
355	5	18.5302	6	-1	35.00000	-5.83333
356	5	18.5298	6	0	35.00000	 0.00000
357	5	18.5302	6	1	35.00000	 5.83333
358	5	18.5311	6	2	35.00000	11.66667
359	5	18.5327	6	3	35.00000	17.50000
360	5	18.5349	6	4	35.00000	23.33333
361	5	18.5377	6	5	35.00000	29.16667
362	5	18.5412	6	6	35.00000	35.00000
363	5	18.5453	6	7	35.00000	40.83333
364	5	18.5501	6	8	35.00000	46.66667
365	5	18.5554	6	9	35.00000	52.50000
366	5	18.5615	6	10	35.00000	58.33333
367	5	18.5596	7	-9	40.83333	-52.50000
368	5	18.5542	7	-8	40.83333	-46.66667
369	5	18.5494	7	-7	40.83333	-40.83333
370	5	18.5453	7	-6	40.83333	-35.00000
371	5	18.5418	7	-5	40.83333	-29.16667
372	5	18.539	7	-4	40.83333	-23.33333
373	5	18.5368	7	-3	40.83333	-17.50000
374	5	18.5352	7	-2	40.83333	-11.66667
375	5	18.5343	7	-1	40.83333	-5.83333
376	5	18.5339	7	0	40.83333	 0.00000
377	5	18.5343	7	1	40.83333	 5.83333
378	5	18.5352	7	2	40.83333	11.66667
379	5	18.5368	7	3	40.83333	17.50000
380	5	18.539	7	4	40.83333	23.33333
381	5	18.5418	7	5	40.83333	29.16667
382	5	18.5453	7	6	40.83333	35.00000
383	5	18.5494	7	7	40.83333	40.83333
384	5	18.5542	7	8	40.83333	46.66667
385	5	18.5596	7	9	40.83333	52.50000
386	5	18.5589	8	-8	46.66667	-46.66667
387	5	18.5542	8	-7	46.66667	-40.83333
388	5	18.5501	8	-6	46.66667	-35.00000
389	5	18.5466	8	-5	46.66667	-29.16667
390	5	18.5437	8	-4	46.66667	-23.33333
391	5	18.5415	8	-3	46.66667	-17.50000
392	5	18.5399	8	-2	46.66667	-11.66667
393	5	18.539	8	-1	46.66667	-5.83333
394	5	18.5387	8	0	46.66667	 0.00000
395	5	18.539	8	1	46.66667	 5.83333
396	5	18.5399	8	2	46.66667	11.66667
397	5	18.5415	8	3	46.66667	17.50000
398	5	18.5437	8	4	46.66667	23.33333
399	5	18.5466	8	5	46.66667	29.16667
400	5	18.5501	8	6	46.66667	35.00000
401	5	18.5542	8	7	46.66667	40.83333
402	5	18.5589	8	8	46.66667	46.66667
403	5	18.5596	9	-7	52.50000	-40.83333
404	5	18.5554	9	-6	52.50000	-35.00000
405	5	18.552	9	-5	52.50000	-29.16667
406	5	18.5491	9	-4	52.50000	-23.33333
407	5	18.5469	9	-3	52.50000	-17.50000
408	5	18.5453	9	-2	52.50000	-11.66667
409	5	18.5444	9	-1	52.50000	-5.83333
410	5	18.544	9	0	52.50000	 0.00000
411	5	18.5444	9	1	52.50000	 5.83333
412	5	18.5453	9	2	52.50000	11.66667
413	5	18.5469	9	3	52.50000	17.50000
414	5	18.5491	9	4	52.50000	23.33333
415	5	18.552	9	5	52.50000	29.16667
416	5	18.5554	9	6	52.50000	35.00000
417	5	18.5596	9	7	52.50000	40.83333
418	5	18.5615	10	-6	58.33333	-35.00000
419	5	18.558	10	-5	58.33333	-29.16667
420	5	18.5551	10	-4	58.33333	-23.33333
421	5	18.5529	10	-3	58.33333	-17.50000
422	5	18.5513	10	-2	58.33333	-11.66667
423	5	18.5504	10	-1	58.33333	-5.83333
424	5	18.55	10	0	58.33333	 0.00000
425	5	18.5504	10	1	58.33333	 5.83333
426	5	18.5513	10	2	58.33333	11.66667
427	5	18.5529	10	3	58.33333	17.50000
428	5	18.5551	10	4	58.33333	23.33333
429	5	18.558	10	5	58.33333	29.16667
430	5	18.5615	10	6	58.33333	35.00000
431	5	18.5618	11	-4	64.16667	-23.33333
432	5	18.5595	11	-3	64.16667	-17.50000
433	5	18.558	11	-2	64.16667	-11.66667
434	5	18.557	11	-1	64.16667	-5.83333
435	5	18.5567	11	0	64.16667	 0.00000
436	5	18.557	11	1	64.16667	 5.83333
437	5	18.558	11	2	64.16667	11.66667
438	5	18.5595	11	3	64.16667	17.50000
439	5	18.5618	11	4	64.16667	23.33333
440	5	18.564	12	0	70.00000	 0.00000
