index	  h	  k	  l	 Ug_real  	 Ug_imag  	Vg_real(V)	Vg_imag(V)	 |Vg|(V)   	phi(rad)
  0	  0	  0	  0	-0.009514	 0.000000	-1.196874	 0.000000	 1.196874	 3.141593
  1	  0	  0	  1	-0.028058	 0.011613	-3.529556	 1.460913	 3.819951	 2.749154
  2	  0	  0	 -1	-0.028058	-0.011613	-3.529556	-1.460913	 3.819951	-2.749154
  3	  0	  1	  0	-0.003133	 0.016823	-0.394072	 2.116288	 2.152665	 1.754897
  4	  0	  1	  1	 0.092712	-0.000000	11.662723	-0.000000	11.662723	-0.000000
  5	  0	  1	 -1	-0.026345	-0.025436	-3.314097	-3.199683	 4.606648	-2.373758
  6	  0	 -1	  0	-0.003133	-0.016823	-0.394072	-2.116288	 2.152665	-1.754897
  7	  0	 -1	  1	-0.026345	 0.025436	-3.314097	 3.199683	 4.606648	 2.373758
  8	  0	 -1	 -1	 0.092712	 0.000000	11.662723	 0.000000	11.662723	 0.000000
  9	  1	  0	  0	 0.010812	-0.032038	 1.360153	-4.030220	 4.253550	-1.245311
 10	  1	  0	  1	 0.085382	 0.000000	10.740569	 0.000000	10.740569	 0.000000
 11	  1	  0	 -1	-0.001435	 0.040763	-0.180475	 5.127741	 5.130916	 1.605978
 12	  1	 -1	  0	 0.026453	-0.021248	 3.327647	-2.672925	 4.268227	-0.676718
 13	  1	 -1	  1	 0.003384	-0.012963	 0.425635	-1.630725	 1.685357	-1.315483
 14	  1	 -1	 -1	 0.026160	 0.019085	 3.290762	 2.400790	 4.073439	 0.630287
 15	 -1	  0	  0	 0.010812	 0.032038	 1.360153	 4.030220	 4.253550	 1.245311
 16	 -1	  0	  1	-0.001435	-0.040763	-0.180475	-5.127741	 5.130916	-1.605978
 17	 -1	  1	  0	 0.026453	 0.021248	 3.327647	 2.672925	 4.268227	 0.676718
 18	 -1	  1	  1	 0.026160	-0.019085	 3.290762	-2.400790	 4.073439	-0.630287
 19	  0	  0	 -2	 0.000846	-0.023972	 0.106409	-3.015501	 3.017378	-1.535523
 20	  0	  1	 -2	 0.032019	 0.015906	 4.027816	 2.000879	 4.497424	 0.461056
 21	  0	 -1	 -2	 0.012349	-0.044264	 1.553409	-5.568140	 5.780767	-1.298732
 22	  1	  0	 -2	-0.040569	 0.030429	-5.103331	 3.827757	 6.379319	 2.498059
 23	  1	 -1	 -2	 0.033528	 0.017145	 4.217599	 2.156801	 4.737081	 0.472711
 24	 -1	  0	 -1	 0.085382	 0.000000	10.740569	 0.000000	10.740569	 0.000000
 25	 -1	  1	 -1	 0.003384	 0.012963	 0.425635	 1.630725	 1.685357	 1.315483
 26	  0	  0	  2	 0.000846	 0.023972	 0.106409	 3.015501	 3.017378	 1.535523
 27	  0	  1	  2	 0.012349	 0.044264	 1.553409	 5.568140	 5.780767	 1.298732
 28	  0	 -1	  2	 0.032019	-0.015906	 4.027816	-2.000879	 4.497424	-0.461056
 29	  1	  0	  2	-0.021782	-0.000819	-2.740031	-0.103030	 2.741968	-3.104009
 30	  1	 -1	  2	 0.018318	-0.005080	 2.304310	-0.639021	 2.391274	-0.270518
 31	 -1	  0	  2	-0.040569	-0.030429	-5.103331	-3.827757	 6.379319	-2.498059
 32	 -1	  1	  2	 0.033528	-0.017145	 4.217599	-2.156801	 4.737081	-0.472711
 33	  0	 -2	  0	 0.020267	 0.013015	 2.549448	 1.637219	 3.029880	 0.570862
 34	  0	 -2	  1	 0.028587	 0.010996	 3.596142	 1.383184	 3.852978	 0.367187
 35	  0	 -2	 -1	 0.004580	-0.007528	 0.576159	-0.946939	 1.108446	-1.024191
 36	  1	 -2	  0	-0.017623	-0.034579	-2.216819	-4.349829	 4.882140	-2.042121
 37	  1	 -2	  1	-0.023194	 0.012428	-2.917681	 1.563330	 3.310115	 2.649707
 38	  1	 -2	 -1	 0.021162	-0.011460	 2.662048	-1.441661	 3.027356	-0.496341
 39	 -1	 -1	  0	 0.074955	 0.000000	 9.428918	 0.000000	 9.428918	 0.000000
 40	 -1	 -1	  1	 0.024349	-0.023767	 3.062921	-2.989797	 4.280230	-0.773317
 41	  0	 -2	 -2	-0.027403	 0.007848	-3.447208	 0.987268	 3.585798	 2.862662
 42	  1	 -2	 -2	-0.013023	 0.028524	-1.638191	 3.588131	 3.944408	 1.999091
 43	 -1	 -1	 -1	 0.008112	-0.010682	 1.020445	-1.343690	 1.687250	-0.921284
 44	  0	 -2	  2	 0.008463	-0.013438	 1.064623	-1.690464	 1.997772	-1.008766
 45	  1	 -2	  2	 0.030618	-0.000672	 3.851589	-0.084573	 3.852517	-0.021954
 46	 -1	 -1	  2	-0.010910	-0.014872	-1.372379	-1.870808	 2.320204	-2.203703
 47	  0	  2	  0	 0.020267	-0.013015	 2.549448	-1.637219	 3.029880	-0.570862
 48	  0	  2	  1	 0.004580	 0.007528	 0.576159	 0.946939	 1.108446	 1.024191
 49	  0	  2	 -1	 0.028587	-0.010996	 3.596142	-1.383184	 3.852978	-0.367187
 50	  1	  1	  0	 0.074955	-0.000000	 9.428918	-0.000000	 9.428918	-0.000000
 51	  1	  1	  1	 0.008112	 0.010682	 1.020445	 1.343690	 1.687250	 0.921284
 52	  1	  1	 -1	 0.024349	 0.023767	 3.062921	 2.989797	 4.280230	 0.773317
 53	 -1	  2	  0	-0.017623	 0.034579	-2.216819	 4.349829	 4.882140	 2.042121
 54	 -1	  2	  1	 0.021162	 0.011460	 2.662048	 1.441661	 3.027356	 0.496341
 55	  0	  2	 -2	 0.008463	 0.013438	 1.064623	 1.690464	 1.997772	 1.008766
 56	  1	  1	 -2	-0.010910	 0.014872	-1.372379	 1.870808	 2.320204	 2.203703
 57	 -1	  2	 -1	-0.023194	-0.012428	-2.917681	-1.563330	 3.310115	-2.649707
 58	  0	  2	  2	-0.027403	-0.007848	-3.447208	-0.987268	 3.585798	-2.862662
 59	  1	  1	  2	 0.008594	-0.026714	 1.081030	-3.360535	 3.530131	-1.259567
 60	 -1	  2	  2	-0.013023	-0.028524	-1.638191	-3.588131	 3.944408	-1.999091
 61	 -2	  0	  0	 0.010822	 0.020620	 1.361366	 2.593942	 2.929480	 1.087486
 62	 -2	  0	  1	-0.033054	 0.001031	-4.158073	 0.129730	 4.160097	 3.110403
 63	 -2	  1	  0	-0.027346	 0.048635	-3.439955	 6.118044	 7.018814	 2.083006
 64	 -2	  1	  1	 0.033369	-0.023613	 4.197586	-2.970354	 5.142249	-0.615831
 65	 -1	  0	 -2	-0.021782	 0.000819	-2.740031	 0.103030	 2.741968	 3.104009
 66	 -1	  1	 -2	 0.018318	 0.005080	 2.304310	 0.639021	 2.391274	 0.270518
 67	 -1	 -1	 -2	 0.008594	 0.026714	 1.081030	 3.360535	 3.530131	 1.259567
 68	 -2	  0	 -1	 0.031392	 0.014405	 3.948959	 1.812014	 4.344845	 0.430196
 69	 -2	  1	 -1	 0.003453	 0.051002	 0.434387	 6.415745	 6.430434	 1.503193
 70	 -2	  0	  2	 0.023069	 0.009338	 2.901897	 1.174700	 3.130643	 0.384641
 71	 -2	  1	  2	-0.009816	 0.059178	-1.234861	 7.444254	 7.545979	 1.735181
 72	 -2	  2	  0	-0.007770	 0.022761	-0.977458	 2.863257	 3.025503	 1.899771
 73	 -2	  2	  1	-0.015925	-0.017991	-2.003258	-2.263198	 3.022434	-2.295343
 74	 -1	  2	 -2	 0.030618	 0.000672	 3.851589	 0.084573	 3.852517	 0.021954
 75	 -2	  2	 -1	-0.006006	 0.001709	-0.755497	 0.214927	 0.785474	 2.864431
 76	 -2	  2	  2	 0.007998	 0.004836	 1.006088	 0.608344	 1.175710	 0.543841
 77	  2	  0	  0	 0.010822	-0.020620	 1.361366	-2.593942	 2.929480	-1.087486
 78	  2	  0	  1	 0.031392	-0.014405	 3.948959	-1.812014	 4.344845	-0.430196
 79	  2	  0	 -1	-0.033054	-0.001031	-4.158073	-0.129730	 4.160097	-3.110403
 80	  2	 -1	  0	-0.027346	-0.048635	-3.439955	-6.118044	 7.018814	-2.083006
 81	  2	 -1	  1	 0.003453	-0.051002	 0.434387	-6.415745	 6.430434	-1.503193
 82	  2	 -1	 -1	 0.033369	 0.023613	 4.197586	 2.970354	 5.142249	 0.615831
 83	  2	  0	 -2	 0.023069	-0.009338	 2.901897	-1.174700	 3.130643	-0.384641
 84	  2	 -1	 -2	-0.009816	-0.059178	-1.234861	-7.444254	 7.545979	-1.735181
 85	  2	 -2	  0	-0.007770	-0.022761	-0.977458	-2.863257	 3.025503	-1.899771
 86	  2	 -2	  1	-0.006006	-0.001709	-0.755497	-0.214927	 0.785474	-2.864431
 87	  2	 -2	 -1	-0.015925	 0.017991	-2.003258	 2.263198	 3.022434	 2.295343
 88	  2	 -2	 -2	 0.007998	-0.004836	 1.006088	-0.608344	 1.175710	-0.543841
 89	 -2	  1	 -2	-0.025103	-0.017364	-3.157830	-2.184321	 3.839681	-2.536448
 90	 -2	  2	 -2	-0.006188	-0.000207	-0.778466	-0.025982	 0.778900	-3.108229
 91	  2	 -1	  2	-0.025103	 0.017364	-3.157830	 2.184321	 3.839681	 2.536448
 92	  2	 -2	  2	-0.006188	 0.000207	-0.778466	 0.025982	 0.778900	 3.108229
 93	 -2	  0	 -2	-0.025566	-0.012281	-3.216092	-1.544945	 3.567927	-2.693764
 94	  2	  0	  2	-0.025566	 0.012281	-3.216092	 1.544945	 3.567927	 2.693764
