index	beams	T	ik_x	ik_y	thetaX_mrad	thetaY_mrad
0	5	26.0528	-12	0	-70.00000	 0.00000
1	5	26.0497	-11	-4	-64.16667	-23.33333
2	5	26.0466	-11	-3	-64.16667	-17.50000
3	5	26.0444	-11	-2	-64.16667	-11.66667
4	5	26.0431	-11	-1	-64.16667	-5.83333
5	5	26.0426	-11	0	-64.16667	 0.00000
6	5	26.0431	-11	1	-64.16667	 5.83333
7	5	26.0444	-11	2	-64.16667	11.66667
8	5	26.0466	-11	3	-64.16667	17.50000
9	5	26.0497	-11	4	-64.16667	23.33333
10	5	26.0493	-10	-6	-58.33333	-35.00000
11	5	26.0444	-10	-5	-58.33333	-29.16667
12	5	26.0404	-10	-4	-58.33333	-23.33333
13	5	26.0373	-10	-3	-58.33333	-17.50000
14	5	26.0351	-10	-2	-58.33333	-11.66667
15	5	26.0338	-10	-1	-58.33333	-5.83333
16	5	26.0333	-10	0	-58.33333	 0.00000
17	5	26.0338	-10	1	-58.33333	 5.83333
18	5	26.0351	-10	2	-58.33333	11.66667
19	5	26.0373	-10	3	-58.33333	17.50000
20	5	26.0404	-10	4	-58.33333	23.33333
21	5	26.0444	-10	5	-58.33333	29.16667
22	5	26.0493	-10	6	-58.33333	35.00000
23	5	26.0467	-9	-7	-52.50000	-40.83333
24	5	26.0409	-9	-6	-52.50000	-35.00000
25	5	26.036	-9	-5	-52.50000	-29.16667
26	5	26.032	-9	-4	-52.50000	-23.33333
27	5	26.0289	-9	-3	-52.50000	-17.50000
28	5	26.0267	-9	-2	-52.50000	-11.66667
29	5	26.0253	-9	-1	-52.50000	-5.83333
30	5	26.0249	-9	0	-52.50000	 0.00000
31	5	26.0253	-9	1	-52.50000	 5.83333
32	5	26.0267	-9	2	-52.50000	11.66667
33	5	26.0289	-9	3	-52.50000	17.50000
34	5	26.032	-9	4	-52.50000	23.33333
35	5	26.036	-9	5	-52.50000	29.16667
36	5	26.0409	-9	6	-52.50000	35.00000
37	5	26.0467	-9	7	-52.50000	40.83333
38	5	26.0458	-8	-8	-46.66667	-46.66667
39	5	26.0391	-8	-7	-46.66667	-40.83333
40	5	26.0333	-8	-6	-46.66667	-35.00000
41	5	26.0284	-8	-5	-46.66667	-29.16667
42	5	26.0245	-8	-4	-46.66667	-23.33333
43	5	26.0213	-8	-3	-46.66667	-17.50000
44	5	26.0191	-8	-2	-46.66667	-11.66667
45	5	26.0178	-8	-1	-46.66667	-5.83333
46	5	26.0174	-8	0	-46.66667	 0.00000
47	5	26.0178	-8	1	-46.66667	 5.83333
48	5	26.0191	-8	2	-46.66667	11.66667
49	5	26.0213	-8	3	-46.66667	17.50000
50	5	26.0245	-8	4	-46.66667	23.33333
51	5	26.0284	-8	5	-46.66667	29.16667
52	5	26.0333	-8	6	-46.66667	35.00000
53	5	26.0391	-8	7	-46.66667	40.83333
54	5	26.0458	-8	8	-46.66667	46.66667
55	5	26.0467	-7	-9	-40.83333	-52.50000
56	5	26.0391	-7	-8	-40.83333	-46.66667
57	5	26.0324	-7	-7	-40.83333	-40.83333
58	5	26.0267	-7	-6	-40.83333	-35.00000
59	5	26.0218	-7	-5	-40.83333	-29.16667
60	5	26.0178	-7	-4	-40.83333	-23.33333
61	5	26.0147	-7	-3	-40.83333	-17.50000
62	5	26.0125	-7	-2	-40.83333	-11.66667
63	5	26.0112	-7	-1	-40.83333	-5.83333
64	5	26.0107	-7	0	-40.83333	 0.00000
65	5	26.0112	-7	1	-40.83333	 5.83333
66	5	26.0125	-7	2	-40.83333	11.66667
67	5	26.0147	-7	3	-40.83333	17.50000
68	5	26.0178	-7	4	-40.83333	23.33333
69	5	26.0218	-7	5	-40.83333	29.16667
70	5	26.0267	-7	6	-40.83333	35.00000
71	5	26.0324	-7	7	-40.83333	40.83333
72	5	26.0391	-7	8	-40.83333	46.66667
73	5	26.0467	-7	9	-40.83333	52.50000
74	5	26.0493	-6	-10	-35.00000	-58.33333
75	5	26.0409	-6	-9	-35.00000	-52.50000
76	5	26.0333	-6	-8	-35.00000	-46.66667
77	5	26.0267	-6	-7	-35.00000	-40.83333
78	5	26.0209	-6	-6	-35.00000	-35.00000
79	5	26.016	-6	-5	-35.00000	-29.16667
80	5	26.012	-6	-4	-35.00000	-23.33333
81	5	26.0089	-6	-3	-35.00000	-17.50000
82	5	26.0067	-6	-2	-35.00000	-11.66667
83	5	26.0054	-6	-1	-35.00000	-5.83333
84	5	26.005	-6	0	-35.00000	 0.00000
85	5	26.0054	-6	1	-35.00000	 5.83333
86	5	26.0067	-6	2	-35.00000	11.66667
87	5	26.0089	-6	3	-35.00000	17.50000
88	5	26.012	-6	4	-35.00000	23.33333
89	5	26.016	-6	5	-35.00000	29.16667
90	5	26.0209	-6	6	-35.00000	35.00000
91	5	26.0267	-6	7	-35.00000	40.83333
92	5	26.0333	-6	8	-35.00000	46.66667
93	5	26.0409	-6	9	-35.00000	52.50000
94	5	26.0493	-6	10	-35.00000	58.33333
95	5	26.0444	-5	-10	-29.16667	-58.33333
96	5	26.036	-5	-9	-29.16667	-52.50000
97	5	26.0284	-5	-8	-29.16667	-46.66667
98	5	26.0218	-5	-7	-29.16667	-40.83333
99	5	26.016	-5	-6	-29.16667	-35.00000
100	5	26.0112	-5	-5	-29.16667	-29.16667
101	5	26.0072	-5	-4	-29.16667	-23.33333
102	5	26.0041	-5	-3	-29.16667	-17.50000
103	5	26.0019	-5	-2	-29.16667	-11.66667
104	5	26.0005	-5	-1	-29.16667	-5.83333
105	5	26.0001	-5	0	-29.16667	 0.00000
106	5	26.0005	-5	1	-29.16667	 5.83333
107	5	26.0019	-5	2	-29.16667	11.66667
108	5	26.0041	-5	3	-29.16667	17.50000
109	5	26.0072	-5	4	-29.16667	23.33333
110	5	26.0112	-5	5	-29.16667	29.16667
111	5	26.016	-5	6	-29.16667	35.00000
112	5	26.0218	-5	7	-29.16667	40.83333
113	5	26.0284	-5	8	-29.16667	46.66667
114	5	26.036	-5	9	-29.16667	52.50000
115	5	26.0444	-5	10	-29.16667	58.33333
116	5	26.0497	-4	-11	-23.33333	-64.16667
117	5	26.0404	-4	-10	-23.33333	-58.33333
118	5	26.032	-4	-9	-23.33333	-52.50000
119	5	26.0245	-4	-8	-23.33333	-46.66667
120	5	26.0178	-4	-7	-23.33333	-40.83333
121	5	26.012	-4	-6	-23.33333	-35.00000
122	5	26.0072	-4	-5	-23.33333	-29.16667
123	5	26.0032	-4	-4	-23.33333	-23.33333
124	5	26.0001	-4	-3	-23.33333	-17.50000
125	5	25.9979	-4	-2	-23.33333	-11.66667
126	5	25.9965	-4	-1	-23.33333	-5.83333
127	5	25.9961	-4	0	-23.33333	 0.00000
128	5	25.9965	-4	1	-23.33333	 5.83333
129	5	25.9979	-4	2	-23.33333	11.66667
130	5	26.0001	-4	3	-23.33333	17.50000
131	5	26.0032	-4	4	-23.33333	23.33333
132	5	26.0072	-4	5	-23.33333	29.16667
133	5	26.012	-4	6	-23.33333	35.00000
134	5	26.0178	-4	7	-23.33333	40.83333
135	5	26.0245	-4	8	-23.33333	46.66667
136	5	26.032	-4	9	-23.33333	52.50000
137	5	26.0404	-4	10	-23.33333	58.33333
138	5	26.0497	-4	11	-23.33333	64.16667
139	5	26.0466	-3	-11	-17.50000	-64.16667
140	5	26.0373	-3	-10	-17.50000	-58.33333
141	5	26.0289	-3	-9	-17.50000	-52.50000
142	5	26.0213	-3	-8	-17.50000	-46.66667
143	5	26.0147	-3	-7	-17.50000	-40.83333
144	5	26.0089	-3	-6	-17.50000	-35.00000
145	5	26.0041	-3	-5	-17.50000	-29.16667
146	5	26.0001	-3	-4	-17.50000	-23.33333
147	5	25.997	-3	-3	-17.50000	-17.50000
148	5	25.9948	-3	-2	-17.50000	-11.66667
149	5	25.9934	-3	-1	-17.50000	-5.83333
150	5	25.993	-3	0	-17.50000	 0.00000
151	5	25.9934	-3	1	-17.50000	 5.83333
152	5	25.9948	-3	2	-17.50000	11.66667
153	5	25.997	-3	3	-17.50000	17.50000
154	5	26.0001	-3	4	-17.50000	23.33333
155	5	26.0041	-3	5	-17.50000	29.16667
156	5	26.0089	-3	6	-17.50000	35.00000
157	5	26.0147	-3	7	-17.50000	40.83333
158	5	26.0213	-3	8	-17.50000	46.66667
159	5	26.0289	-3	9	-17.50000	52.50000
160	5	26.0373	-3	10	-17.50000	58.33333
161	5	26.0466	-3	11	-17.50000	64.16667
162	5	26.0444	-2	-11	-11.66667	-64.16667
163	5	26.0351	-2	-10	-11.66667	-58.33333
164	5	26.0267	-2	-9	-11.66667	-52.50000
165	5	26.0191	-2	-8	-11.66667	-46.66667
166	5	26.0125	-2	-7	-11.66667	-40.83333
167	5	26.0067	-2	-6	-11.66667	-35.00000
168	5	26.0019	-2	-5	-11.66667	-29.16667
169	5	25.9979	-2	-4	-11.66667	-23.33333
170	5	25.9948	-2	-3	-11.66667	-17.50000
171	5	25.9926	-2	-2	-11.66667	-11.66667
172	5	25.9912	-2	-1	-11.66667	-5.83333
173	5	25.9908	-2	0	-11.66667	 0.00000
174	5	25.9912	-2	1	-11.66667	 5.83333
175	5	25.9926	-2	2	-11.66667	11.66667
176	5	25.9948	-2	3	-11.66667	17.50000
177	5	25.9979	-2	4	-11.66667	23.33333
178	5	26.0019	-2	5	-11.66667	29.16667
179	5	26.0067	-2	6	-11.66667	35.00000
180	5	26.0125	-2	7	-11.66667	40.83333
181	5	26.0191	-2	8	-11.66667	46.66667
182	5	26.0267	-2	9	-11.66667	52.50000
183	5	26.0351	-2	10	-11.66667	58.33333
184	5	26.0444	-2	11	-11.66667	64.16667
185	5	26.0431	-1	-11	-5.83333	-64.16667
186	5	26.0338	-1	-10	-5.83333	-58.33333
187	5	26.0253	-1	-9	-5.83333	-52.50000
188	5	26.0178	-1	-8	-5.83333	-46.66667
189	5	26.0112	-1	-7	-5.83333	-40.83333
190	5	26.0054	-1	-6	-5.83333	-35.00000
191	5	26.0005	-1	-5	-5.83333	-29.16667
192	5	25.9965	-1	-4	-5.83333	-23.33333
193	5	25.9934	-1	-3	-5.83333	-17.50000
194	5	25.9912	-1	-2	-5.83333	-11.66667
195	5	25.9899	-1	-1	-5.83333	-5.83333
196	5	25.9895	-1	0	-5.83333	 0.00000
197	5	25.9899	-1	1	-5.83333	 5.83333
198	5	25.9912	-1	2	-5.83333	11.66667
199	5	25.9934	-1	3	-5.83333	17.50000
200	5	25.9965	-1	4	-5.83333	23.33333
201	5	26.0005	-1	5	-5.83333	29.16667
202	5	26.0054	-1	6	-5.83333	35.00000
203	5	26.0112	-1	7	-5.83333	40.83333
204	5	26.0178	-1	8	-5.83333	46.66667
205	5	26.0253	-1	9	-5.83333	52.50000
206	5	26.0338	-1	10	-5.83333	58.33333
207	5	26.0431	-1	11	-5.83333	64.16667
208	5	26.0528	0	-12	 0.00000	-70.00000
209	5	26.0426	0	-11	 0.00000	-64.16667
210	5	26.0333	0	-10	 0.00000	-58.33333
211	5	26.0249	0	-9	 0.00000	-52.50000
212	5	26.0174	0	-8	 0.00000	-46.66667
213	5	26.0107	0	-7	 0.00000	-40.83333
214	5	26.005	0	-6	 0.00000	-35.00000
215	5	26.0001	0	-5	 0.00000	-29.16667
216	5	25.9961	0	-4	 0.00000	-23.33333
217	5	25.993	0	-3	 0.00000	-17.50000
218	5	25.9908	0	-2	 0.00000	-11.66667
219	5	25.9895	0	-1	 0.00000	-5.83333
220	5	25.989	0	0	 0.00000	 0.00000
221	5	25.9895	0	1	 0.00000	 5.83333
222	5	25.9908	0	2	 0.00000	11.66667
223	5	25.993	0	3	 0.00000	17.50000
224	5	25.9961	0	4	 0.00000	23.33333
225	5	26.0001	0	5	 0.00000	29.16667
226	5	26.005	0	6	 0.00000	35.00000
227	5	26.0107	0	7	 0.00000	40.83333
228	5	26.0174	0	8	 0.00000	46.66667
229	5	26.0249	0	9	 0.00000	52.50000
230	5	26.0333	0	10	 0.00000	58.33333
231	5	26.0426	0	11	 0.00000	64.16667
232	5	26.0528	0	12	 0.00000	70.00000
233	5	26.0431	1	-11	 5.83333	-64.16667
234	5	26.0338	1	-10	 5.83333	-58.33333
235	5	26.0253	1	-9	 5.83333	-52.50000
236	5	26.0178	1	-8	 5.83333	-46.66667
237	5	26.0112	1	-7	 5.83333	-40.83333
238	5	26.0054	1	-6	 5.83333	-35.00000
239	5	26.0005	1	-5	 5.83333	-29.16667
240	5	25.9965	1	-4	 5.83333	-23.33333
241	5	25.9934	1	-3	 5.83333	-17.50000
242	5	25.9912	1	-2	 5.83333	-11.66667
243	5	25.9899	1	-1	 5.83333	-5.83333
244	5	25.9895	1	0	 5.83333	 0.00000
245	5	25.9899	1	1	 5.83333	 5.83333
246	5	25.9912	1	2	 5.83333	11.66667
247	5	25.9934	1	3	 5.83333	17.50000
248	5	25.9965	1	4	 5.83333	23.33333
249	5	26.0005	1	5	 5.83333	29.16667
250	5	26.0054	1	6	 5.83333	35.00000
251	5	26.0112	1	7	 5.83333	40.83333
252	5	26.0178	1	8	 5.83333	46.66667
253	5	26.0253	1	9	 5.83333	52.50000
254	5	26.0338	1	10	 5.83333	58.33333
255	5	26.0431	1	11	 5.83333	64.16667
256	5	26.0444	2	-11	11.66667	-64.16667
257	5	26.0351	2	-10	11.66667	-58.33333
258	5	26.0267	2	-9	11.66667	-52.50000
259	5	26.0191	2	-8	11.66667	-46.66667
260	5	26.0125	2	-7	11.66667	-40.83333
261	5	26.0067	2	-6	11.66667	-35.00000
262	5	26.0019	2	-5	11.66667	-29.16667
263	5	25.9979	2	-4	11.66667	-23.33333
264	5	25.9948	2	-3	11.66667	-17.50000
265	5	25.9926	2	-2	11.66667	-11.66667
266	5	25.9912	2	-1	11.66667	-5.83333
267	5	25.9908	2	0	11.66667	 0.00000
268	5	25.9912	2	1	11.66667	 5.83333
269	5	25.9926	2	2	11.66667	11.66667
270	5	25.9948	2	3	11.66667	17.50000
271	5	25.9979	2	4	11.66667	23.33333
272	5	26.0019	2	5	11.66667	29.16667
273	5	26.0067	2	6	11.66667	35.00000
274	5	26.0125	2	7	11.66667	40.83333
275	5	26.0191	2	8	11.66667	46.66667
276	5	26.0267	2	9	11.66667	52.50000
277	5	26.0351	2	10	11.66667	58.33333
278	5	26.0444	2	11	11.66667	64.16667
279	5	26.0466	3	-11	17.50000	-64.16667
280	5	26.0373	3	-10	17.50000	-58.33333
281	5	26.0289	3	-9	17.50000	-52.50000
282	5	26.0213	3	-8	17.50000	-46.66667
283	5	26.0147	3	-7	17.50000	-40.83333
284	5	26.0089	3	-6	17.50000	-35.00000
285	5	26.0041	3	-5	17.50000	-29.16667
286	5	26.0001	3	-4	17.50000	-23.33333
287	5	25.997	3	-3	17.50000	-17.50000
288	5	25.9948	3	-2	17.50000	-11.66667
289	5	25.9934	3	-1	17.50000	-5.83333
290	5	25.993	3	0	17.50000	 0.00000
291	5	25.9934	3	1	17.50000	 5.83333
292	5	25.9948	3	2	17.50000	11.66667
293	5	25.997	3	3	17.50000	17.50000
294	5	26.0001	3	4	17.50000	23.33333
295	5	26.0041	3	5	17.50000	29.16667
296	5	26.0089	3	6	17.50000	35.00000
297	5	26.0147	3	7	17.50000	40.83333
298	5	26.0213	3	8	17.50000	46.66667
299	5	26.0289	3	9	17.50000	52.50000
300	5	26.0373	3	10	17.50000	58.33333
301	5	26.0466	3	11	17.50000	64.16667
302	5	26.0497	4	-11	23.33333	-64.16667
303	5	26.0404	4	-10	23.33333	-58.33333
304	5	26.032	4	-9	23.33333	-52.50000
305	5	26.0245	4	-8	23.33333	-46.66667
306	5	26.0178	4	-7	23.33333	-40.83333
307	5	26.012	4	-6	23.33333	-35.00000
308	5	26.0072	4	-5	23.33333	-29.16667
309	5	26.0032	4	-4	23.33333	-23.33333
310	5	26.0001	4	-3	23.33333	-17.50000
311	5	25.9979	4	-2	23.33333	-11.66667
312	5	25.9965	4	-1	23.33333	-5.83333
313	5	25.9961	4	0	23.33333	 0.00000
314	5	25.9965	4	1	23.33333	 5.83333
315	5	25.9979	4	2	23.33333	11.66667
316	5	26.0001	4	3	23.33333	17.50000
317	5	26.0032	4	4	23.33333	23.33333
318	5	26.0072	4	5	23.33333	29.16667
319	5	26.012	4	6	23.33333	35.00000
320	5	26.0178	4	7	23.33333	40.83333
321	5	26.0245	4	8	23.33333	46.66667
322	5	26.032	4	9	23.33333	52.50000
323	5	26.0404	4	10	23.33333	58.33333
324	5	26.0497	4	11	23.33333	64.16667
325	5	26.0444	5	-10	29.16667	-58.33333
326	5	26.036	5	-9	29.16667	-52.50000
327	5	26.0284	5	-8	29.16667	-46.66667
328	5	26.0218	5	-7	29.16667	-40.83333
329	5	26.016	5	-6	29.16667	-35.00000
330	5	26.0112	5	-5	29.16667	-29.16667
331	5	26.0072	5	-4	29.16667	-23.33333
332	5	26.0041	5	-3	29.16667	-17.50000
333	5	26.0019	5	-2	29.16667	-11.66667
334	5	26.0005	5	-1	29.16667	-5.83333
335	5	26.0001	5	0	29.16667	 0.00000
336	5	26.0005	5	1	29.16667	 5.83333
337	5	26.0019	5	2	29.16667	11.66667
338	5	26.0041	5	3	29.16667	17.50000
339	5	26.0072	5	4	29.16667	23.33333
340	5	26.0112	5	5	29.16667	29.16667
341	5	26.016	5	6	29.16667	35.00000
342	5	26.0218	5	7	29.16667	40.83333
343	5	26.0284	5	8	29.16667	46.66667
344	5	26.036	5	9	29.16667	52.50000
345	5	26.0444	5	10	29.16667	58.33333
346	5	26.0493	6	-10	35.00000	-58.33333
347	5	26.0409	6	-9	35.00000	-52.50000
348	5	26.0333	6	-8	35.00000	-46.66667
349	5	26.0267	6	-7	35.00000	-40.83333
350	5	26.0209	6	-6	35.00000	-35.00000
351	5	26.016	6	-5	35.00000	-29.16667
352	5	26.012	6	-4	35.00000	-23.33333
353	5	26.0089	6	-3	35.00000	-17.50000
354	5	26.0067	6	-2	35.00000	-11.66667
355	5	26.0054	6	-1	35.00000	-5.83333
356	5	26.005	6	0	35.00000	 0.00000
357	5	26.0054	6	1	35.00000	 5.83333
358	5	26.0067	6	2	35.00000	11.66667
359	5	26.0089	6	3	35.00000	17.50000
360	5	26.012	6	4	35.00000	23.33333
361	5	26.016	6	5	35.00000	29.16667
362	5	26.0209	6	6	35.00000	35.00000
363	5	26.0267	6	7	35.00000	40.83333
364	5	26.0333	6	8	35.00000	46.66667
365	5	26.0409	6	9	35.00000	52.50000
366	5	26.0493	6	10	35.00000	58.33333
367	5	26.0467	7	-9	40.83333	-52.50000
368	5	26.0391	7	-8	40.83333	-46.66667
369	5	26.0324	7	-7	40.83333	-40.83333
370	5	26.0267	7	-6	40.83333	-35.00000
371	5	26.0218	7	-5	40.83333	-29.16667
372	5	26.0178	7	-4	40.83333	-23.33333
373	5	26.0147	7	-3	40.83333	-17.50000
374	5	26.0125	7	-2	40.83333	-11.66667
375	5	26.0112	7	-1	40.83333	-5.83333
376	5	26.0107	7	0	40.83333	 0.00000
377	5	26.0112	7	1	40.83333	 5.83333
378	5	26.0125	7	2	40.83333	11.66667
379	5	26.0147	7	3	40.83333	17.50000
380	5	26.0178	7	4	40.83333	23.33333
381	5	26.0218	7	5	40.83333	29.16667
382	5	26.0267	7	6	40.83333	35.00000
383	5	26.0324	7	7	40.83333	40.83333
384	5	26.0391	7	8	40.83333	46.66667
385	5	26.0467	7	9	40.83333	52.50000
386	5	26.0458	8	-8	46.66667	-46.66667
387	5	26.0391	8	-7	46.66667	-40.83333
388	5	26.0333	8	-6	46.66667	-35.00000
389	5	26.0284	8	-5	46.66667	-29.16667
390	5	26.0245	8	-4	46.66667	-23.33333
391	5	26.0213	8	-3	46.66667	-17.50000
392	5	26.0191	8	-2	46.66667	-11.66667
393	5	26.0178	8	-1	46.66667	-5.83333
394	5	26.0174	8	0	46.66667	 0.00000
395	5	26.0178	8	1	46.66667	 5.83333
396	5	26.0191	8	2	46.66667	11.66667
397	5	26.0213	8	3	46.66667	17.50000
398	5	26.0245	8	4	46.66667	23.33333
399	5	26.0284	8	5	46.66667	29.16667
400	5	26.0333	8	6	46.66667	35.00000
401	5	26.0391	8	7	46.66667	40.83333
402	5	26.0458	8	8	46.66667	46.66667
403	5	26.0467	9	-7	52.50000	-40.83333
404	5	26.0409	9	-6	52.50000	-35.00000
405	5	26.036	9	-5	52.50000	-29.16667
406	5	26.032	9	-4	52.50000	-23.33333
407	5	26.0289	9	-3	52.50000	-17.50000
408	5	26.0267	9	-2	52.50000	-11.66667
409	5	26.0253	9	-1	52.50000	-5.83333
410	5	26.0249	9	0	52.50000	 0.00000
411	5	26.0253	9	1	52.50000	 5.83333
412	5	26.0267	9	2	52.50000	11.66667
413	5	26.0289	9	3	52.50000	17.50000
414	5	26.032	9	4	52.50000	23.33333
415	5	26.036	9	5	52.50000	29.16667
416	5	26.0409	9	6	52.50000	35.00000
417	5	26.0467	9	7	52.50000	40.83333
418	5	26.0493	10	-6	58.33333	-35.00000
419	5	26.0444	10	-5	58.33333	-29.16667
420	5	26.0404	10	-4	58.33333	-23.33333
421	5	26.0373	10	-3	58.33333	-17.50000
422	5	26.0351	10	-2	58.33333	-11.66667
423	5	26.0338	10	-1	58.33333	-5.83333
424	5	26.0333	10	0	58.33333	 0.00000
425	5	26.0338	10	1	58.33333	 5.83333
426	5	26.0351	10	2	58.33333	11.66667
427	5	26.0373	10	3	58.33333	17.50000
428	5	26.0404	10	4	58.33333	23.33333
429	5	26.0444	10	5	58.33333	29.16667
430	5	26.0493	10	6	58.33333	35.00000
431	5	26.0497	11	-4	64.16667	-23.33333
432	5	26.0466	11	-3	64.16667	-17.50000
433	5	26.0444	11	-2	64.16667	-11.66667
434	5	26.0431	11	-1	64.16667	-5.83333
435	5	26.0426	11	0	64.16667	 0.00000
436	5	26.0431	11	1	64.16667	 5.83333
437	5	26.0444	11	2	64.16667	11.66667
438	5	26.0466	11	3	64.16667	17.50000
439	5	26.0497	11	4	64.16667	23.33333
440	5	26.0528	12	0	70.00000	 0.00000
