index	beams	T	ik_x	ik_y	thetaX_mrad	thetaY_mrad
0	5	47.4647	-12	0	-70.00000	 0.00000
1	5	47.459	-11	-4	-64.16667	-23.33333
2	5	47.4534	-11	-3	-64.16667	-17.50000
3	5	47.4493	-11	-2	-64.16667	-11.66667
4	5	47.4469	-11	-1	-64.16667	-5.83333
5	5	47.4461	-11	0	-64.16667	 0.00000
6	5	47.4469	-11	1	-64.16667	 5.83333
7	5	47.4493	-11	2	-64.16667	11.66667
8	5	47.4534	-11	3	-64.16667	17.50000
9	5	47.459	-11	4	-64.16667	23.33333
10	5	47.4583	-10	-6	-58.33333	-35.00000
11	5	47.4493	-10	-5	-58.33333	-29.16667
12	5	47.4421	-10	-4	-58.33333	-23.33333
13	5	47.4364	-10	-3	-58.33333	-17.50000
14	5	47.4323	-10	-2	-58.33333	-11.66667
15	5	47.4299	-10	-1	-58.33333	-5.83333
16	5	47.4291	-10	0	-58.33333	 0.00000
17	5	47.4299	-10	1	-58.33333	 5.83333
18	5	47.4323	-10	2	-58.33333	11.66667
19	5	47.4364	-10	3	-58.33333	17.50000
20	5	47.4421	-10	4	-58.33333	23.33333
21	5	47.4493	-10	5	-58.33333	29.16667
22	5	47.4583	-10	6	-58.33333	35.00000
23	5	47.4534	-9	-7	-52.50000	-40.83333
24	5	47.4429	-9	-6	-52.50000	-35.00000
25	5	47.434	-9	-5	-52.50000	-29.16667
26	5	47.4267	-9	-4	-52.50000	-23.33333
27	5	47.421	-9	-3	-52.50000	-17.50000
28	5	47.417	-9	-2	-52.50000	-11.66667
29	5	47.4146	-9	-1	-52.50000	-5.83333
30	5	47.4138	-9	0	-52.50000	 0.00000
31	5	47.4146	-9	1	-52.50000	 5.83333
32	5	47.417	-9	2	-52.50000	11.66667
33	5	47.421	-9	3	-52.50000	17.50000
34	5	47.4267	-9	4	-52.50000	23.33333
35	5	47.434	-9	5	-52.50000	29.16667
36	5	47.4429	-9	6	-52.50000	35.00000
37	5	47.4534	-9	7	-52.50000	40.83333
38	5	47.4518	-8	-8	-46.66667	-46.66667
39	5	47.4397	-8	-7	-46.66667	-40.83333
40	5	47.4291	-8	-6	-46.66667	-35.00000
41	5	47.4202	-8	-5	-46.66667	-29.16667
42	5	47.413	-8	-4	-46.66667	-23.33333
43	5	47.4073	-8	-3	-46.66667	-17.50000
44	5	47.4033	-8	-2	-46.66667	-11.66667
45	5	47.4008	-8	-1	-46.66667	-5.83333
46	5	47.4	-8	0	-46.66667	 0.00000
47	5	47.4008	-8	1	-46.66667	 5.83333
48	5	47.4033	-8	2	-46.66667	11.66667
49	5	47.4073	-8	3	-46.66667	17.50000
50	5	47.413	-8	4	-46.66667	23.33333
51	5	47.4202	-8	5	-46.66667	29.16667
52	5	47.4291	-8	6	-46.66667	35.00000
53	5	47.4397	-8	7	-46.66667	40.83333
54	5	47.4518	-8	8	-46.66667	46.66667
55	5	47.4534	-7	-9	-40.83333	-52.50000
56	5	47.4397	-7	-8	-40.83333	-46.66667
57	5	47.4275	-7	-7	-40.83333	-40.83333
58	5	47.417	-7	-6	-40.83333	-35.00000
59	5	47.4081	-7	-5	-40.83333	-29.16667
60	5	47.4009	-7	-4	-40.83333	-23.33333
61	5	47.3952	-7	-3	-40.83333	-17.50000
62	5	47.3912	-7	-2	-40.83333	-11.66667
63	5	47.3887	-7	-1	-40.83333	-5.83333
64	5	47.3879	-7	0	-40.83333	 0.00000
65	5	47.3887	-7	1	-40.83333	 5.83333
66	5	47.3912	-7	2	-40.83333	11.66667
67	5	47.3952	-7	3	-40.83333	17.50000
68	5	47.4009	-7	4	-40.83333	23.33333
69	5	47.4081	-7	5	-40.83333	29.16667
70	5	47.417	-7	6	-40.83333	35.00000
71	5	47.4275	-7	7	-40.83333	40.83333
72	5	47.4397	-7	8	-40.83333	46.66667
73	5	47.4534	-7	9	-40.83333	52.50000
74	5	47.4583	-6	-10	-35.00000	-58.33333
75	5	47.4429	-6	-9	-35.00000	-52.50000
76	5	47.4291	-6	-8	-35.00000	-46.66667
77	5	47.417	-6	-7	-35.00000	-40.83333
78	5	47.4065	-6	-6	-35.00000	-35.00000
79	5	47.3976	-6	-5	-35.00000	-29.16667
80	5	47.3904	-6	-4	-35.00000	-23.33333
81	5	47.3847	-6	-3	-35.00000	-17.50000
82	5	47.3807	-6	-2	-35.00000	-11.66667
83	5	47.3783	-6	-1	-35.00000	-5.83333
84	5	47.3774	-6	0	-35.00000	 0.00000
85	5	47.3783	-6	1	-35.00000	 5.83333
86	5	47.3807	-6	2	-35.00000	11.66667
87	5	47.3847	-6	3	-35.00000	17.50000
88	5	47.3904	-6	4	-35.00000	23.33333
89	5	47.3976	-6	5	-35.00000	29.16667
90	5	47.4065	-6	6	-35.00000	35.00000
91	5	47.417	-6	7	-35.00000	40.83333
92	5	47.4291	-6	8	-35.00000	46.66667
93	5	47.4429	-6	9	-35.00000	52.50000
94	5	47.4583	-6	10	-35.00000	58.33333
95	5	47.4493	-5	-10	-29.16667	-58.33333
96	5	47.434	-5	-9	-29.16667	-52.50000
97	5	47.4202	-5	-8	-29.16667	-46.66667
98	5	47.4081	-5	-7	-29.16667	-40.83333
99	5	47.3976	-5	-6	-29.16667	-35.00000
100	5	47.3887	-5	-5	-29.16667	-29.16667
101	5	47.3815	-5	-4	-29.16667	-23.33333
102	5	47.3758	-5	-3	-29.16667	-17.50000
103	5	47.3718	-5	-2	-29.16667	-11.66667
104	5	47.3694	-5	-1	-29.16667	-5.83333
105	5	47.3686	-5	0	-29.16667	 0.00000
106	5	47.3694	-5	1	-29.16667	 5.83333
107	5	47.3718	-5	2	-29.16667	11.66667
108	5	47.3758	-5	3	-29.16667	17.50000
109	5	47.3815	-5	4	-29.16667	23.33333
110	5	47.3887	-5	5	-29.16667	29.16667
111	5	47.3976	-5	6	-29.16667	35.00000
112	5	47.4081	-5	7	-29.16667	40.83333
113	5	47.4202	-5	8	-29.16667	46.66667
114	5	47.434	-5	9	-29.16667	52.50000
115	5	47.4493	-5	10	-29.16667	58.33333
116	5	47.459	-4	-11	-23.33333	-64.16667
117	5	47.4421	-4	-10	-23.33333	-58.33333
118	5	47.4267	-4	-9	-23.33333	-52.50000
119	5	47.413	-4	-8	-23.33333	-46.66667
120	5	47.4009	-4	-7	-23.33333	-40.83333
121	5	47.3904	-4	-6	-23.33333	-35.00000
122	5	47.3815	-4	-5	-23.33333	-29.16667
123	5	47.3742	-4	-4	-23.33333	-23.33333
124	5	47.3686	-4	-3	-23.33333	-17.50000
125	5	47.3645	-4	-2	-23.33333	-11.66667
126	5	47.3621	-4	-1	-23.33333	-5.83333
127	5	47.3613	-4	0	-23.33333	 0.00000
128	5	47.3621	-4	1	-23.33333	 5.83333
129	5	47.3645	-4	2	-23.33333	11.66667
130	5	47.3686	-4	3	-23.33333	17.50000
131	5	47.3742	-4	4	-23.33333	23.33333
132	5	47.3815	-4	5	-23.33333	29.16667
133	5	47.3904	-4	6	-23.33333	35.00000
134	5	47.4009	-4	7	-23.33333	40.83333
135	5	47.413	-4	8	-23.33333	46.66667
136	5	47.4267	-4	9	-23.33333	52.50000
137	5	47.4421	-4	10	-23.33333	58.33333
138	5	47.459	-4	11	-23.33333	64.16667
139	5	47.4534	-3	-11	-17.50000	-64.16667
140	5	47.4364	-3	-10	-17.50000	-58.33333
141	5	47.421	-3	-9	-17.50000	-52.50000
142	5	47.4073	-3	-8	-17.50000	-46.66667
143	5	47.3952	-3	-7	-17.50000	-40.83333
144	5	47.3847	-3	-6	-17.50000	-35.00000
145	5	47.3758	-3	-5	-17.50000	-29.16667
146	5	47.3686	-3	-4	-17.50000	-23.33333
147	5	47.3629	-3	-3	-17.50000	-17.50000
148	5	47.3589	-3	-2	-17.50000	-11.66667
149	5	47.3565	-3	-1	-17.50000	-5.83333
150	5	47.3557	-3	0	-17.50000	 0.00000
151	5	47.3565	-3	1	-17.50000	 5.83333
152	5	47.3589	-3	2	-17.50000	11.66667
153	5	47.3629	-3	3	-17.50000	17.50000
154	5	47.3686	-3	4	-17.50000	23.33333
155	5	47.3758	-3	5	-17.50000	29.16667
156	5	47.3847	-3	6	-17.50000	35.00000
157	5	47.3952	-3	7	-17.50000	40.83333
158	5	47.4073	-3	8	-17.50000	46.66667
159	5	47.421	-3	9	-17.50000	52.50000
160	5	47.4364	-3	10	-17.50000	58.33333
161	5	47.4534	-3	11	-17.50000	64.16667
162	5	47.4493	-2	-11	-11.66667	-64.16667
163	5	47.4323	-2	-10	-11.66667	-58.33333
164	5	47.417	-2	-9	-11.66667	-52.50000
165	5	47.4033	-2	-8	-11.66667	-46.66667
166	5	47.3912	-2	-7	-11.66667	-40.83333
167	5	47.3807	-2	-6	-11.66667	-35.00000
168	5	47.3718	-2	-5	-11.66667	-29.16667
169	5	47.3645	-2	-4	-11.66667	-23.33333
170	5	47.3589	-2	-3	-11.66667	-17.50000
171	5	47.3549	-2	-2	-11.66667	-11.66667
172	5	47.3525	-2	-1	-11.66667	-5.83333
173	5	47.3517	-2	0	-11.66667	 0.00000
174	5	47.3525	-2	1	-11.66667	 5.83333
175	5	47.3549	-2	2	-11.66667	11.66667
176	5	47.3589	-2	3	-11.66667	17.50000
177	5	47.3645	-2	4	-11.66667	23.33333
178	5	47.3718	-2	5	-11.66667	29.16667
179	5	47.3807	-2	6	-11.66667	35.00000
180	5	47.3912	-2	7	-11.66667	40.83333
181	5	47.4033	-2	8	-11.66667	46.66667
182	5	47.417	-2	9	-11.66667	52.50000
183	5	47.4323	-2	10	-11.66667	58.33333
184	5	47.4493	-2	11	-11.66667	64.16667
185	5	47.4469	-1	-11	-5.83333	-64.16667
186	5	47.4299	-1	-10	-5.83333	-58.33333
187	5	47.4146	-1	-9	-5.83333	-52.50000
188	5	47.4008	-1	-8	-5.83333	-46.66667
189	5	47.3887	-1	-7	-5.83333	-40.83333
190	5	47.3783	-1	-6	-5.83333	-35.00000
191	5	47.3694	-1	-5	-5.83333	-29.16667
192	5	47.3621	-1	-4	-5.83333	-23.33333
193	5	47.3565	-1	-3	-5.83333	-17.50000
194	5	47.3525	-1	-2	-5.83333	-11.66667
195	5	47.35	-1	-1	-5.83333	-5.83333
196	5	47.3492	-1	0	-5.83333	 0.00000
197	5	47.35	-1	1	-5.83333	 5.83333
198	5	47.3525	-1	2	-5.83333	11.66667
199	5	47.3565	-1	3	-5.83333	17.50000
200	5	47.3621	-1	4	-5.83333	23.33333
201	5	47.3694	-1	5	-5.83333	29.16667
202	5	47.3783	-1	6	-5.83333	35.00000
203	5	47.3887	-1	7	-5.83333	40.83333
204	5	47.4008	-1	8	-5.83333	46.66667
205	5	47.4146	-1	9	-5.83333	52.50000
206	5	47.4299	-1	10	-5.83333	58.33333
207	5	47.4469	-1	11	-5.83333	64.16667
208	5	47.4647	0	-12	 0.00000	-70.00000
209	5	47.4461	0	-11	 0.00000	-64.16667
210	5	47.4291	0	-10	 0.00000	-58.33333
211	5	47.4138	0	-9	 0.00000	-52.50000
212	5	47.4	0	-8	 0.00000	-46.66667
213	5	47.3879	0	-7	 0.00000	-40.83333
214	5	47.3774	0	-6	 0.00000	-35.00000
215	5	47.3686	0	-5	 0.00000	-29.16667
216	5	47.3613	0	-4	 0.00000	-23.33333
217	5	47.3557	0	-3	 0.00000	-17.50000
218	5	47.3517	0	-2	 0.00000	-11.66667
219	5	47.3492	0	-1	 0.00000	-5.83333
220	5	47.3484	0	0	 0.00000	 0.00000
221	5	47.3492	0	1	 0.00000	 5.83333
222	5	47.3517	0	2	 0.00000	11.66667
223	5	47.3557	0	3	 0.00000	17.50000
224	5	47.3613	0	4	 0.00000	23.33333
225	5	47.3686	0	5	 0.00000	29.16667
226	5	47.3774	0	6	 0.00000	35.00000
227	5	47.3879	0	7	 0.00000	40.83333
228	5	47.4	0	8	 0.00000	46.66667
229	5	47.4138	0	9	 0.00000	52.50000
230	5	47.4291	0	10	 0.00000	58.33333
231	5	47.4461	0	11	 0.00000	64.16667
232	5	47.4647	0	12	 0.00000	70.00000
233	5	47.4469	1	-11	 5.83333	-64.16667
234	5	47.4299	1	-10	 5.83333	-58.33333
235	5	47.4146	1	-9	 5.83333	-52.50000
236	5	47.4008	1	-8	 5.83333	-46.66667
237	5	47.3887	1	-7	 5.83333	-40.83333
238	5	47.3783	1	-6	 5.83333	-35.00000
239	5	47.3694	1	-5	 5.83333	-29.16667
240	5	47.3621	1	-4	 5.83333	-23.33333
241	5	47.3565	1	-3	 5.83333	-17.50000
242	5	47.3525	1	-2	 5.83333	-11.66667
243	5	47.35	1	-1	 5.83333	-5.83333
244	5	47.3492	1	0	 5.83333	 0.00000
245	5	47.35	1	1	 5.83333	 5.83333
246	5	47.3525	1	2	 5.83333	11.66667
247	5	47.3565	1	3	 5.83333	17.50000
248	5	47.3621	1	4	 5.83333	23.33333
249	5	47.3694	1	5	 5.83333	29.16667
250	5	47.3783	1	6	 5.83333	35.00000
251	5	47.3887	1	7	 5.83333	40.83333
252	5	47.4008	1	8	 5.83333	46.66667
253	5	47.4146	1	9	 5.83333	52.50000
254	5	47.4299	1	10	 5.83333	58.33333
255	5	47.4469	1	11	 5.83333	64.16667
256	5	47.4493	2	-11	11.66667	-64.16667
257	5	47.4323	2	-10	11.66667	-58.33333
258	5	47.417	2	-9	11.66667	-52.50000
259	5	47.4033	2	-8	11.66667	-46.66667
260	5	47.3912	2	-7	11.66667	-40.83333
261	5	47.3807	2	-6	11.66667	-35.00000
262	5	47.3718	2	-5	11.66667	-29.16667
263	5	47.3645	2	-4	11.66667	-23.33333
264	5	47.3589	2	-3	11.66667	-17.50000
265	5	47.3549	2	-2	11.66667	-11.66667
266	5	47.3525	2	-1	11.66667	-5.83333
267	5	47.3517	2	0	11.66667	 0.00000
268	5	47.3525	2	1	11.66667	 5.83333
269	5	47.3549	2	2	11.66667	11.66667
270	5	47.3589	2	3	11.66667	17.50000
271	5	47.3645	2	4	11.66667	23.33333
272	5	47.3718	2	5	11.66667	29.16667
273	5	47.3807	2	6	11.66667	35.00000
274	5	47.3912	2	7	11.66667	40.83333
275	5	47.4033	2	8	11.66667	46.66667
276	5	47.417	2	9	11.66667	52.50000
277	5	47.4323	2	10	11.66667	58.33333
278	5	47.4493	2	11	11.66667	64.16667
279	5	47.4534	3	-11	17.50000	-64.16667
280	5	47.4364	3	-10	17.50000	-58.33333
281	5	47.421	3	-9	17.50000	-52.50000
282	5	47.4073	3	-8	17.50000	-46.66667
283	5	47.3952	3	-7	17.50000	-40.83333
284	5	47.3847	3	-6	17.50000	-35.00000
285	5	47.3758	3	-5	17.50000	-29.16667
286	5	47.3686	3	-4	17.50000	-23.33333
287	5	47.3629	3	-3	17.50000	-17.50000
288	5	47.3589	3	-2	17.50000	-11.66667
289	5	47.3565	3	-1	17.50000	-5.83333
290	5	47.3557	3	0	17.50000	 0.00000
291	5	47.3565	3	1	17.50000	 5.83333
292	5	47.3589	3	2	17.50000	11.66667
293	5	47.3629	3	3	17.50000	17.50000
294	5	47.3686	3	4	17.50000	23.33333
295	5	47.3758	3	5	17.50000	29.16667
296	5	47.3847	3	6	17.50000	35.00000
297	5	47.3952	3	7	17.50000	40.83333
298	5	47.4073	3	8	17.50000	46.66667
299	5	47.421	3	9	17.50000	52.50000
300	5	47.4364	3	10	17.50000	58.33333
301	5	47.4534	3	11	17.50000	64.16667
302	5	47.459	4	-11	23.33333	-64.16667
303	5	47.4421	4	-10	23.33333	-58.33333
304	5	47.4267	4	-9	23.33333	-52.50000
305	5	47.413	4	-8	23.33333	-46.66667
306	5	47.4009	4	-7	23.33333	-40.83333
307	5	47.3904	4	-6	23.33333	-35.00000
308	5	47.3815	4	-5	23.33333	-29.16667
309	5	47.3742	4	-4	23.33333	-23.33333
310	5	47.3686	4	-3	23.33333	-17.50000
311	5	47.3645	4	-2	23.33333	-11.66667
312	5	47.3621	4	-1	23.33333	-5.83333
313	5	47.3613	4	0	23.33333	 0.00000
314	5	47.3621	4	1	23.33333	 5.83333
315	5	47.3645	4	2	23.33333	11.66667
316	5	47.3686	4	3	23.33333	17.50000
317	5	47.3742	4	4	23.33333	23.33333
318	5	47.3815	4	5	23.33333	29.16667
319	5	47.3904	4	6	23.33333	35.00000
320	5	47.4009	4	7	23.33333	40.83333
321	5	47.413	4	8	23.33333	46.66667
322	5	47.4267	4	9	23.33333	52.50000
323	5	47.4421	4	10	23.33333	58.33333
324	5	47.459	4	11	23.33333	64.16667
325	5	47.4493	5	-10	29.16667	-58.33333
326	5	47.434	5	-9	29.16667	-52.50000
327	5	47.4202	5	-8	29.16667	-46.66667
328	5	47.4081	5	-7	29.16667	-40.83333
329	5	47.3976	5	-6	29.16667	-35.00000
330	5	47.3887	5	-5	29.16667	-29.16667
331	5	47.3815	5	-4	29.16667	-23.33333
332	5	47.3758	5	-3	29.16667	-17.50000
333	5	47.3718	5	-2	29.16667	-11.66667
334	5	47.3694	5	-1	29.16667	-5.83333
335	5	47.3686	5	0	29.16667	 0.00000
336	5	47.3694	5	1	29.16667	 5.83333
337	5	47.3718	5	2	29.16667	11.66667
338	5	47.3758	5	3	29.16667	17.50000
339	5	47.3815	5	4	29.16667	23.33333
340	5	47.3887	5	5	29.16667	29.16667
341	5	47.3976	5	6	29.16667	35.00000
342	5	47.4081	5	7	29.16667	40.83333
343	5	47.4202	5	8	29.16667	46.66667
344	5	47.434	5	9	29.16667	52.50000
345	5	47.4493	5	10	29.16667	58.33333
346	5	47.4583	6	-10	35.00000	-58.33333
347	5	47.4429	6	-9	35.00000	-52.50000
348	5	47.4291	6	-8	35.00000	-46.66667
349	5	47.417	6	-7	35.00000	-40.83333
350	5	47.4065	6	-6	35.00000	-35.00000
351	5	47.3976	6	-5	35.00000	-29.16667
352	5	47.3904	6	-4	35.00000	-23.33333
353	5	47.3847	6	-3	35.00000	-17.50000
354	5	47.3807	6	-2	35.00000	-11.66667
355	5	47.3783	6	-1	35.00000	-5.83333
356	5	47.3774	6	0	35.00000	 0.00000
357	5	47.3783	6	1	35.00000	 5.83333
358	5	47.3807	6	2	35.00000	11.66667
359	5	47.3847	6	3	35.00000	17.50000
360	5	47.3904	6	4	35.00000	23.33333
361	5	47.3976	6	5	35.00000	29.16667
362	5	47.4065	6	6	35.00000	35.00000
363	5	47.417	6	7	35.00000	40.83333
364	5	47.4291	6	8	35.00000	46.66667
365	5	47.4429	6	9	35.00000	52.50000
366	5	47.4583	6	10	35.00000	58.33333
367	5	47.4534	7	-9	40.83333	-52.50000
368	5	47.4397	7	-8	40.83333	-46.66667
369	5	47.4275	7	-7	40.83333	-40.83333
370	5	47.417	7	-6	40.83333	-35.00000
371	5	47.4081	7	-5	40.83333	-29.16667
372	5	47.4009	7	-4	40.83333	-23.33333
373	5	47.3952	7	-3	40.83333	-17.50000
374	5	47.3912	7	-2	40.83333	-11.66667
375	5	47.3887	7	-1	40.83333	-5.83333
376	5	47.3879	7	0	40.83333	 0.00000
377	5	47.3887	7	1	40.83333	 5.83333
378	5	47.3912	7	2	40.83333	11.66667
379	5	47.3952	7	3	40.83333	17.50000
380	5	47.4009	7	4	40.83333	23.33333
381	5	47.4081	7	5	40.83333	29.16667
382	5	47.417	7	6	40.83333	35.00000
383	5	47.4275	7	7	40.83333	40.83333
384	5	47.4397	7	8	40.83333	46.66667
385	5	47.4534	7	9	40.83333	52.50000
386	5	47.4518	8	-8	46.66667	-46.66667
387	5	47.4397	8	-7	46.66667	-40.83333
388	5	47.4291	8	-6	46.66667	-35.00000
389	5	47.4202	8	-5	46.66667	-29.16667
390	5	47.413	8	-4	46.66667	-23.33333
391	5	47.4073	8	-3	46.66667	-17.50000
392	5	47.4033	8	-2	46.66667	-11.66667
393	5	47.4008	8	-1	46.66667	-5.83333
394	5	47.4	8	0	46.66667	 0.00000
395	5	47.4008	8	1	46.66667	 5.83333
396	5	47.4033	8	2	46.66667	11.66667
397	5	47.4073	8	3	46.66667	17.50000
398	5	47.413	8	4	46.66667	23.33333
399	5	47.4202	8	5	46.66667	29.16667
400	5	47.4291	8	6	46.66667	35.00000
401	5	47.4397	8	7	46.66667	40.83333
402	5	47.4518	8	8	46.66667	46.66667
403	5	47.4534	9	-7	52.50000	-40.83333
404	5	47.4429	9	-6	52.50000	-35.00000
405	5	47.434	9	-5	52.50000	-29.16667
406	5	47.4267	9	-4	52.50000	-23.33333
407	5	47.421	9	-3	52.50000	-17.50000
408	5	47.417	9	-2	52.50000	-11.66667
409	5	47.4146	9	-1	52.50000	-5.83333
410	5	47.4138	9	0	52.50000	 0.00000
411	5	47.4146	9	1	52.50000	 5.83333
412	5	47.417	9	2	52.50000	11.66667
413	5	47.421	9	3	52.50000	17.50000
414	5	47.4267	9	4	52.50000	23.33333
415	5	47.434	9	5	52.50000	29.16667
416	5	47.4429	9	6	52.50000	35.00000
417	5	47.4534	9	7	52.50000	40.83333
418	5	47.4583	10	-6	58.33333	-35.00000
419	5	47.4493	10	-5	58.33333	-29.16667
420	5	47.4421	10	-4	58.33333	-23.33333
421	5	47.4364	10	-3	58.33333	-17.50000
422	5	47.4323	10	-2	58.33333	-11.66667
423	5	47.4299	10	-1	58.33333	-5.83333
424	5	47.4291	10	0	58.33333	 0.00000
425	5	47.4299	10	1	58.33333	 5.83333
426	5	47.4323	10	2	58.33333	11.66667
427	5	47.4364	10	3	58.33333	17.50000
428	5	47.4421	10	4	58.33333	23.33333
429	5	47.4493	10	5	58.33333	29.16667
430	5	47.4583	10	6	58.33333	35.00000
431	5	47.459	11	-4	64.16667	-23.33333
432	5	47.4534	11	-3	64.16667	-17.50000
433	5	47.4493	11	-2	64.16667	-11.66667
434	5	47.4469	11	-1	64.16667	-5.83333
435	5	47.4461	11	0	64.16667	 0.00000
436	5	47.4469	11	1	64.16667	 5.83333
437	5	47.4493	11	2	64.16667	11.66667
438	5	47.4534	11	3	64.16667	17.50000
439	5	47.459	11	4	64.16667	23.33333
440	5	47.4647	12	0	70.00000	 0.00000
