index	beams	T	ik_x	ik_y	thetaX_mrad	thetaY_mrad
0	19	58.1682	-8	0	-30.00000	 0.00000
1	19	58.1658	-7	-3	-26.25000	-11.25000
2	19	58.1637	-7	-2	-26.25000	-7.50000
3	19	58.1625	-7	-1	-26.25000	-3.75000
4	19	58.1621	-7	0	-26.25000	 0.00000
5	19	58.1625	-7	1	-26.25000	 3.75000
6	19	58.1637	-7	2	-26.25000	 7.50000
7	19	58.1658	-7	3	-26.25000	11.25000
8	19	58.167	-6	-5	-22.50000	-18.75000
9	19	58.1633	-6	-4	-22.50000	-15.00000
10	20	58.1604	-6	-3	-22.50000	-11.25000
11	19	58.1584	-6	-2	-22.50000	-7.50000
12	19	58.1572	-6	-1	-22.50000	-3.75000
13	19	58.1568	-6	0	-22.50000	 0.00000
14	19	58.1572	-6	1	-22.50000	 3.75000
15	19	58.1584	-6	2	-22.50000	 7.50000
16	20	58.1604	-6	3	-22.50000	11.25000
17	19	58.1633	-6	4	-22.50000	15.00000
18	19	58.167	-6	5	-22.50000	18.75000
19	19	58.167	-5	-6	-18.75000	-22.50000
20	19	58.1625	-5	-5	-18.75000	-18.75000
21	19	58.1588	-5	-4	-18.75000	-15.00000
22	20	58.1559	-5	-3	-18.75000	-11.25000
23	20	58.1539	-5	-2	-18.75000	-7.50000
24	19	58.1527	-5	-1	-18.75000	-3.75000
25	19	58.1523	-5	0	-18.75000	 0.00000
26	19	58.1527	-5	1	-18.75000	 3.75000
27	20	58.1539	-5	2	-18.75000	 7.50000
28	20	58.1559	-5	3	-18.75000	11.25000
29	19	58.1588	-5	4	-18.75000	15.00000
30	19	58.1625	-5	5	-18.75000	18.75000
31	19	58.167	-5	6	-18.75000	22.50000
32	19	58.1633	-4	-6	-15.00000	-22.50000
33	19	58.1588	-4	-5	-15.00000	-18.75000
34	19	58.1551	-4	-4	-15.00000	-15.00000
35	20	58.1523	-4	-3	-15.00000	-11.25000
36	20	58.1502	-4	-2	-15.00000	-7.50000
37	20	58.149	-4	-1	-15.00000	-3.75000
38	21	58.1486	-4	0	-15.00000	 0.00000
39	20	58.149	-4	1	-15.00000	 3.75000
40	20	58.1502	-4	2	-15.00000	 7.50000
41	20	58.1523	-4	3	-15.00000	11.25000
42	19	58.1551	-4	4	-15.00000	15.00000
43	19	58.1588	-4	5	-15.00000	18.75000
44	19	58.1633	-4	6	-15.00000	22.50000
45	19	58.1658	-3	-7	-11.25000	-26.25000
46	19	58.1604	-3	-6	-11.25000	-22.50000
47	19	58.1559	-3	-5	-11.25000	-18.75000
48	19	58.1523	-3	-4	-11.25000	-15.00000
49	20	58.1494	-3	-3	-11.25000	-11.25000
50	21	58.1474	-3	-2	-11.25000	-7.50000
51	21	58.1461	-3	-1	-11.25000	-3.75000
52	21	58.1457	-3	0	-11.25000	 0.00000
53	21	58.1461	-3	1	-11.25000	 3.75000
54	21	58.1474	-3	2	-11.25000	 7.50000
55	20	58.1494	-3	3	-11.25000	11.25000
56	19	58.1523	-3	4	-11.25000	15.00000
57	19	58.1559	-3	5	-11.25000	18.75000
58	19	58.1604	-3	6	-11.25000	22.50000
59	19	58.1658	-3	7	-11.25000	26.25000
60	19	58.1637	-2	-7	-7.50000	-26.25000
61	19	58.1584	-2	-6	-7.50000	-22.50000
62	19	58.1539	-2	-5	-7.50000	-18.75000
63	19	58.1502	-2	-4	-7.50000	-15.00000
64	21	58.1474	-2	-3	-7.50000	-11.25000
65	21	58.1453	-2	-2	-7.50000	-7.50000
66	21	58.1441	-2	-1	-7.50000	-3.75000
67	21	58.1437	-2	0	-7.50000	 0.00000
68	21	58.1441	-2	1	-7.50000	 3.75000
69	21	58.1453	-2	2	-7.50000	 7.50000
70	21	58.1474	-2	3	-7.50000	11.25000
71	19	58.1502	-2	4	-7.50000	15.00000
72	19	58.1539	-2	5	-7.50000	18.75000
73	19	58.1584	-2	6	-7.50000	22.50000
74	19	58.1637	-2	7	-7.50000	26.25000
75	19	58.1625	-1	-7	-3.75000	-26.25000
76	19	58.1572	-1	-6	-3.75000	-22.50000
77	20	58.1527	-1	-5	-3.75000	-18.75000
78	20	58.149	-1	-4	-3.75000	-15.00000
79	21	58.1461	-1	-3	-3.75000	-11.25000
80	21	58.1441	-1	-2	-3.75000	-7.50000
81	21	58.1429	-1	-1	-3.75000	-3.75000
82	21	58.1425	-1	0	-3.75000	 0.00000
83	21	58.1429	-1	1	-3.75000	 3.75000
84	21	58.1441	-1	2	-3.75000	 7.50000
85	21	58.1461	-1	3	-3.75000	11.25000
86	20	58.149	-1	4	-3.75000	15.00000
87	20	58.1527	-1	5	-3.75000	18.75000
88	19	58.1572	-1	6	-3.75000	22.50000
89	19	58.1625	-1	7	-3.75000	26.25000
90	18	58.1682	0	-8	 0.00000	-30.00000
91	20	58.1621	0	-7	 0.00000	-26.25000
92	20	58.1568	0	-6	 0.00000	-22.50000
93	20	58.1523	0	-5	 0.00000	-18.75000
94	20	58.1486	0	-4	 0.00000	-15.00000
95	21	58.1457	0	-3	 0.00000	-11.25000
96	21	58.1437	0	-2	 0.00000	-7.50000
97	21	58.1425	0	-1	 0.00000	-3.75000
98	21	58.142	0	0	 0.00000	 0.00000
99	21	58.1425	0	1	 0.00000	 3.75000
100	21	58.1437	0	2	 0.00000	 7.50000
101	21	58.1457	0	3	 0.00000	11.25000
102	20	58.1486	0	4	 0.00000	15.00000
103	20	58.1523	0	5	 0.00000	18.75000
104	20	58.1568	0	6	 0.00000	22.50000
105	20	58.1621	0	7	 0.00000	26.25000
106	18	58.1682	0	8	 0.00000	30.00000
107	19	58.1625	1	-7	 3.75000	-26.25000
108	19	58.1572	1	-6	 3.75000	-22.50000
109	20	58.1527	1	-5	 3.75000	-18.75000
110	20	58.149	1	-4	 3.75000	-15.00000
111	21	58.1461	1	-3	 3.75000	-11.25000
112	21	58.1441	1	-2	 3.75000	-7.50000
113	21	58.1429	1	-1	 3.75000	-3.75000
114	21	58.1425	1	0	 3.75000	 0.00000
115	21	58.1429	1	1	 3.75000	 3.75000
116	21	58.1441	1	2	 3.75000	 7.50000
117	21	58.1461	1	3	 3.75000	11.25000
118	20	58.149	1	4	 3.75000	15.00000
119	20	58.1527	1	5	 3.75000	18.75000
120	19	58.1572	1	6	 3.75000	22.50000
121	19	58.1625	1	7	 3.75000	26.25000
122	19	58.1637	2	-7	 7.50000	-26.25000
123	19	58.1584	2	-6	 7.50000	-22.50000
124	19	58.1539	2	-5	 7.50000	-18.75000
125	19	58.1502	2	-4	 7.50000	-15.00000
126	21	58.1474	2	-3	 7.50000	-11.25000
127	21	58.1453	2	-2	 7.50000	-7.50000
128	21	58.1441	2	-1	 7.50000	-3.75000
129	21	58.1437	2	0	 7.50000	 0.00000
130	21	58.1441	2	1	 7.50000	 3.75000
131	21	58.1453	2	2	 7.50000	 7.50000
132	21	58.1474	2	3	 7.50000	11.25000
133	19	58.1502	2	4	 7.50000	15.00000
134	19	58.1539	2	5	 7.50000	18.75000
135	19	58.1584	2	6	 7.50000	22.50000
136	19	58.1637	2	7	 7.50000	26.25000
137	19	58.1658	3	-7	11.25000	-26.25000
138	19	58.1604	3	-6	11.25000	-22.50000
139	19	58.1559	3	-5	11.25000	-18.75000
140	19	58.1523	3	-4	11.25000	-15.00000
141	20	58.1494	3	-3	11.25000	-11.25000
142	21	58.1474	3	-2	11.25000	-7.50000
143	21	58.1461	3	-1	11.25000	-3.75000
144	21	58.1457	3	0	11.25000	 0.00000
145	21	58.1461	3	1	11.25000	 3.75000
146	21	58.1474	3	2	11.25000	 7.50000
147	20	58.1494	3	3	11.25000	11.25000
148	19	58.1523	3	4	11.25000	15.00000
149	19	58.1559	3	5	11.25000	18.75000
150	19	58.1604	3	6	11.25000	22.50000
151	19	58.1658	3	7	11.25000	26.25000
152	19	58.1633	4	-6	15.00000	-22.50000
153	19	58.1588	4	-5	15.00000	-18.75000
154	19	58.1551	4	-4	15.00000	-15.00000
155	20	58.1523	4	-3	15.00000	-11.25000
156	20	58.1502	4	-2	15.00000	-7.50000
157	20	58.149	4	-1	15.00000	-3.75000
158	21	58.1486	4	0	15.00000	 0.00000
159	20	58.149	4	1	15.00000	 3.75000
160	20	58.1502	4	2	15.00000	 7.50000
161	20	58.1523	4	3	15.00000	11.25000
162	19	58.1551	4	4	15.00000	15.00000
163	19	58.1588	4	5	15.00000	18.75000
164	19	58.1633	4	6	15.00000	22.50000
165	19	58.167	5	-6	18.75000	-22.50000
166	19	58.1625	5	-5	18.75000	-18.75000
167	19	58.1588	5	-4	18.75000	-15.00000
168	20	58.1559	5	-3	18.75000	-11.25000
169	20	58.1539	5	-2	18.75000	-7.50000
170	19	58.1527	5	-1	18.75000	-3.75000
171	19	58.1523	5	0	18.75000	 0.00000
172	19	58.1527	5	1	18.75000	 3.75000
173	20	58.1539	5	2	18.75000	 7.50000
174	20	58.1559	5	3	18.75000	11.25000
175	19	58.1588	5	4	18.75000	15.00000
176	19	58.1625	5	5	18.75000	18.75000
177	19	58.167	5	6	18.75000	22.50000
178	19	58.167	6	-5	22.50000	-18.75000
179	19	58.1633	6	-4	22.50000	-15.00000
180	20	58.1604	6	-3	22.50000	-11.25000
181	19	58.1584	6	-2	22.50000	-7.50000
182	19	58.1572	6	-1	22.50000	-3.75000
183	19	58.1568	6	0	22.50000	 0.00000
184	19	58.1572	6	1	22.50000	 3.75000
185	19	58.1584	6	2	22.50000	 7.50000
186	20	58.1604	6	3	22.50000	11.25000
187	19	58.1633	6	4	22.50000	15.00000
188	19	58.167	6	5	22.50000	18.75000
189	19	58.1658	7	-3	26.25000	-11.25000
190	19	58.1637	7	-2	26.25000	-7.50000
191	19	58.1625	7	-1	26.25000	-3.75000
192	19	58.1621	7	0	26.25000	 0.00000
193	19	58.1625	7	1	26.25000	 3.75000
194	19	58.1637	7	2	26.25000	 7.50000
195	19	58.1658	7	3	26.25000	11.25000
196	19	58.1682	8	0	30.00000	 0.00000
